2.44E-01	-2.22083177	-2.44E-01	3.755727056	2.44E-01	-5.25461753	-2.44E-01	6.75583237	2.44E-01	-8.26E+00
2.44E-01	-2.231237919	-2.44E-01	3.773325261	2.44E-01	-5.279239084	-2.44E-01	6.787488165	2.44E-01	-8.30E+00
2.45E-01	-2.241737976	-2.45E-01	3.79108228	2.45E-01	-5.304082833	-2.45E-01	6.819429633	2.45E-01	-8.34E+00
2.45E-01	-2.252341435	-2.45E-01	3.809014163	2.45E-01	-5.329171234	-2.45E-01	6.851685651	2.45E-01	-8.37E+00
2.46E-01	-2.263041531	-2.46E-01	3.827109474	2.46E-01	-5.354488287	-2.46E-01	6.884235644	2.46E-01	-8.41E+00
2.46E-01	-2.273847966	-2.46E-01	3.845384617	2.46E-01	-5.380056941	-2.46E-01	6.917109119	2.46E-01	-8.45E+00
2.46E-01	-2.284753873	-2.46E-01	3.863827982	2.46E-01	-5.405860953	-2.46E-01	6.950285193	2.46E-01	-8.49E+00
2.47E-01	-2.295769167	-2.47E-01	3.882456335	2.47E-01	-5.431923782	-2.47E-01	6.983794027	2.47E-01	-8.54E+00
2.47E-01	-2.30688688	-2.47E-01	3.901257893	2.47E-01	-5.45822894	-2.47E-01	7.017614422	2.47E-01	-8.58E+00
2.48E-01	-2.318117149	-2.48E-01	3.920249797	2.48E-01	-5.484800411	-2.48E-01	7.051777213	2.48E-01	-8.62E+00
2.48E-01	-2.329452899	-2.48E-01	3.939420084	2.48E-01	-5.511621457	-2.48E-01	7.086260882	2.48E-01	-8.66E+00
2.49E-01	-2.340904497	-2.49E-01	3.958786286	2.49E-01	-5.538716606	-2.49E-01	7.121096963	2.49E-01	-8.70E+00
2.49E-01	-2.352464761	-2.49E-01	3.978336257	2.49E-01	-5.566068866	-2.49E-01	7.156263611	2.49E-01	-8.75E+00
2.49E-01	-2.364144297	-2.49E-01	3.998087933	2.49E-01	-5.593703329	-2.49E-01	7.191793085	2.49E-01	-8.79E+00
2.50E-01	-2.375935813	-2.50E-01	4.018028981	2.50E-01	-5.621602743	-2.50E-01	7.227663206	2.50E-01	-8.83E+00
2.50E-01	-2.38785016	-2.50E-01	4.038177754	2.50E-01	-5.649792783	-2.50E-01	7.263906982	2.50E-01	-8.88E+00
2.51E-01	-2.399879935	-2.51E-01	4.058521733	2.51E-01	-5.678255934	-2.51E-01	7.300501897	2.51E-01	-8.92E+00
2.51E-01	-2.412036247	-2.51E-01	4.0790797	2.51E-01	-5.707018476	-2.51E-01	7.337481736	2.51E-01	-8.97E+00
2.52E-01	-2.424311578	-2.52E-01	4.099838946	2.52E-01	-5.736062625	-2.52E-01	7.374823636	2.52E-01	-9.01E+00
2.52E-01	-2.4367173	-2.52E-01	4.120818701	2.52E-01	-5.765415287	-2.52E-01	7.41256219	2.52E-01	-9.06E+00
2.52E-01	-2.449245782	-2.52E-01	4.14200606	2.52E-01	-5.795058407	-2.52E-01	7.450674183	2.52E-01	-9.11E+00
2.53E-01	-2.46190867	-2.53E-01	4.163420718	2.53E-01	-5.82501954	-2.53E-01	7.489195044	2.53E-01	-9.15E+00
2.53E-01	-2.474698216	-2.53E-01	4.185049571	2.53E-01	-5.855280352	-2.53E-01	7.528101201	2.53E-01	-9.20E+00
2.54E-01	-2.487626351	-2.54E-01	4.206912796	2.54E-01	-5.885869072	-2.54E-01	7.567428947	2.54E-01	-9.25E+00
2.54E-01	-2.500685207	-2.54E-01	4.228997088	2.54E-01	-5.916767086	-2.54E-01	7.607154351	2.54E-01	-9.30E+00
2.55E-01	-2.513887009	-2.55E-01	4.251323123	2.55E-01	-5.948003322	-2.55E-01	7.647314605	2.55E-01	-9.35E+00
2.55E-01	-2.527223771	-2.55E-01	4.273877392	2.55E-01	-5.979558879	-2.55E-01	7.687885408	2.55E-01	-9.40E+00
2.56E-01	-2.540708025	-2.56E-01	4.296681091	2.56E-01	-6.011463411	-2.56E-01	7.728904886	2.56E-01	-9.45E+00
2.56E-01	-2.554336944	-2.56E-01	4.319729437	2.56E-01	-6.043710228	-2.56E-01	7.770364439	2.56E-01	-9.50E+00
2.56E-01	-2.568107528	-2.56E-01	4.343017357	2.56E-01	-6.076292232	-2.56E-01	7.812254938	2.56E-01	-9.55E+00
2.57E-01	-2.582032791	-2.57E-01	4.366566862	2.57E-01	-6.109240218	-2.57E-01	7.85461598	2.57E-01	-9.60E+00
2.57E-01	-2.596104436	-2.57E-01	4.390363917	2.57E-01	-6.14253455	-2.57E-01	7.897422317	2.57E-01	-9.65E+00
2.58E-01	-2.610335816	-2.58E-01	4.414431106	2.58E-01	-6.176206825	-2.58E-01	7.940714572	2.58E-01	-9.71E+00
2.58E-01	-2.624718504	-2.58E-01	4.438754178	2.58E-01	-6.210237104	-2.58E-01	7.984467112	2.58E-01	-9.76E+00
2.59E-01	-2.639266206	-2.59E-01	4.463356311	2.59E-01	-6.244657815	-2.59E-01	8.028721628	2.59E-01	-9.81E+00
2.59E-01	-2.653970366	-2.59E-01	4.488223035	2.59E-01	-6.279448715	-2.59E-01	8.073452093	2.59E-01	-9.87E+00
2.60E-01	-2.668845055	-2.60E-01	4.513378147	2.60E-01	-6.314643097	-2.60E-01	8.118701314	2.60E-01	-9.92E+00
2.60E-01	-2.683881586	-2.60E-01	4.538806956	2.60E-01	-6.350220407	-2.60E-01	8.164442862	2.60E-01	-9.98E+00
2.61E-01	-2.699094412	-2.61E-01	4.564533904	2.61E-01	-6.386214841	-2.61E-01	8.210720704	2.61E-01	-1.00E+01
2.61E-01	-2.714474712	-2.61E-01	4.590544073	2.61E-01	-6.422605529	-2.61E-01	8.257508009	2.61E-01	-1.01E+01
2.62E-01	-2.730037337	-2.62E-01	4.616862578	2.62E-01	-6.459427608	-2.62E-01	8.304849949	2.62E-01	-1.02E+01
2.62E-01	-2.745773333	-2.62E-01	4.643474276	2.62E-01	-6.496659891	-2.62E-01	8.352719287	2.62E-01	-1.02E+01
2.63E-01	-2.761697962	-2.63E-01	4.670404979	2.63E-01	-6.534338493	-2.63E-01	8.401162455	2.63E-01	-1.03E+01
2.63E-01	-2.777802135	-2.63E-01	4.697639315	2.63E-01	-6.572441906	-2.63E-01	8.4501518	2.63E-01	-1.03E+01
2.64E-01	-2.794101548	-2.64E-01	4.725203828	2.64E-01	-6.611007268	-2.64E-01	8.49973507	2.64E-01	-1.04E+01
2.64E-01	-2.810586974	-2.64E-01	4.753082913	2.64E-01	-6.650012747	-2.64E-01	8.549884196	2.64E-01	-1.05E+01
2.65E-01	-2.827274558	-2.65E-01	4.781303877	2.65E-01	-6.689496545	-2.65E-01	8.600648295	2.65E-01	-1.05E+01
2.65E-01	-2.844154937	-2.65E-01	4.809850882	2.65E-01	-6.729436506	-2.65E-01	8.651998879	2.65E-01	-1.06E+01
2.66E-01	-2.861244727	-2.66E-01	4.838752029	2.66E-01	-6.769871946	-2.66E-01	8.703986498	2.66E-01	-1.06E+01
2.66E-01	-2.878534424	-2.66E-01	4.867991246	2.66E-01	-6.810780377	-2.66E-01	8.75658224	2.66E-01	-1.07E+01
2.67E-01	-2.896041137	-2.67E-01	4.897597468	2.67E-01	-6.852202283	-2.67E-01	8.809838151	2.67E-01	-1.08E+01
2.67E-01	-2.913755223	-2.67E-01	4.927554384	2.67E-01	-6.894114842	-2.67E-01	8.863724895	2.67E-01	-1.08E+01
2.68E-01	-2.931694305	-2.68E-01	4.957891799	2.68E-01	-6.936559757	-2.68E-01	8.918296085	2.68E-01	-1.09E+01
2.68E-01	-2.949848598	-2.68E-01	4.988593166	2.68E-01	-6.979513875	-2.68E-01	8.973521954	2.68E-01	-1.10E+01
2.69E-01	-2.968236267	-2.69E-01	5.019689202	2.69E-01	-7.023020171	-2.69E-01	9.029457755	2.69E-01	-1.10E+01
2.69E-01	-2.986847384	-2.69E-01	5.051163119	2.69E-01	-7.06705516	-2.69E-01	9.086073295	2.69E-01	-1.11E+01
2.70E-01	-3.005700677	-2.70E-01	5.08304659	2.70E-01	-7.111663153	-2.70E-01	9.143425541	2.70E-01	-1.12E+01
2.70E-01	-3.024786081	-2.70E-01	5.11532259	2.70E-01	-7.15682033	-2.70E-01	9.201483872	2.70E-01	-1.12E+01
2.71E-01	-3.044122912	-2.71E-01	5.148023789	2.71E-01	-7.202572402	-2.71E-01	9.260307055	2.71E-01	-1.13E+01
2.71E-01	-3.063700966	-2.71E-01	5.181132926	2.71E-01	-7.248895218	-2.71E-01	9.31986404	2.71E-01	-1.14E+01
2.72E-01	-3.083540179	-2.72E-01	5.214683721	2.72E-01	-7.295835955	-2.72E-01	9.380215483	2.72E-01	-1.15E+01
2.72E-01	-3.103638008	-2.72E-01	5.248671869	2.72E-01	-7.34338859	-2.72E-01	9.44135364	2.72E-01	-1.15E+01
2.73E-01	-3.123991638	-2.73E-01	5.283092612	2.73E-01	-7.391546466	-2.73E-01	9.503269951	2.73E-01	-1.16E+01
2.73E-01	-3.144621996	-2.73E-01	5.31798134	2.73E-01	-7.440359098	-2.73E-01	9.566028079	2.73E-01	-1.17E+01
2.74E-01	-3.16551853	-2.74E-01	5.353320207	2.74E-01	-7.489801516	-2.74E-01	9.62959592	2.74E-01	-1.18E+01
2.75E-01	-3.186702868	-2.75E-01	5.389145789	2.75E-01	-7.539924896	-2.75E-01	9.694039269	2.75E-01	-1.18E+01
2.75E-01	-3.208164321	-2.75E-01	5.42544001	2.75E-01	-7.590703946	-2.75E-01	9.75932561	2.75E-01	-1.19E+01
2.76E-01	-3.229925256	-2.76E-01	5.462240696	2.76E-01	-7.642191587	-2.76E-01	9.825522982	2.76E-01	-1.20E+01
2.76E-01	-3.25197485	-2.76E-01	5.499529543	2.76E-01	-7.694362213	-2.76E-01	9.892598463	2.76E-01	-1.21E+01
2.77E-01	-3.274336247	-2.77E-01	5.53734569	2.77E-01	-7.747270581	-2.77E-01	9.960622457	2.77E-01	-1.22E+01

