0	0	-1.11074E-06	-9.10E-09	1
0.2	2.47498E-07	-1.11299E-06	-9.10E-09	3.4
0.4	1.02428E-06	-1.11581E-06	-9.11E-09	6.8
0.6	2.34352E-06	-1.11866E-06	-9.12E-09	10.3
0.8	4.21789E-06	-1.12151E-06	-9.13E-09	13.8
1	6.65967E-06	-1.12438E-06	-9.14E-09	17.3
1.2	9.68083E-06	-1.12726E-06	-9.15E-09	20.9
1.4	1.32929E-05	-1.13016E-06	-9.16E-09	24.4
1.6	1.75069E-05	-1.13307E-06	-9.17E-09	28.0
1.8	2.23334E-05	-1.136E-06	-9.18E-09	31.6
1.9	2.77826E-05	-1.13894E-06	-9.18E-09	35.3
1.99	3.38642E-05	-1.1419E-06	-9.19E-09	38.9
2.08	4.05868E-05	-1.14488E-06	-9.20E-09	42.6
2.17	4.79592E-05	-1.14787E-06	-9.21E-09	46.3
2.26	5.59891E-05	-1.15087E-06	-9.22E-09	50.0
2.35	6.46836E-05	-1.15389E-06	-9.23E-09	53.7
2.44	7.40489E-05	-1.15693E-06	-9.24E-09	57.5
2.53	8.40884E-05	-1.15998E-06	-9.25E-09	61.3
2.62	9.48041E-05	-1.16305E-06	-9.26E-09	65.1
2.71	0.000106196	-1.16614E-06	-9.27E-09	68.9
2.8	0.000118264	-1.16924E-06	-9.28E-09	72.8
2.89	0.000131009	-1.17236E-06	-9.29E-09	76.6
2.98	0.000144435	-1.17549E-06	-9.30E-09	80.5
3.07	0.000158543	-1.17864E-06	-9.30E-09	84.4
3.16	0.000173645	-1.18389E-06	-9.33E-09	88.3
3.25	0.000189518	-1.18932E-06	-9.36E-09	92.3
3.34	0.000206155	-1.19478E-06	-9.38E-09	96.2
3.43	0.000223567	-1.20031E-06	-9.41E-09	100.2
3.52	0.00024176	-1.20588E-06	-9.44E-09	104.2
3.61	0.000260744	-1.2115E-06	-9.46E-09	108.3
3.7	0.000280525	-1.21717E-06	-9.49E-09	112.4
3.79	0.000301109	-1.2229E-06	-9.52E-09	116.5
3.88	0.000322497	-1.22867E-06	-9.55E-09	120.7
3.97	0.000344692	-1.23451E-06	-9.57E-09	124.8
4.06	0.000367695	-1.2404E-06	-9.60E-09	129.0
4.15	0.000391503	-1.24635E-06	-9.63E-09	133.3
4.24	0.000416115	-1.25235E-06	-9.66E-09	137.6
4.33	0.000441523	-1.25842E-06	-9.69E-09	141.9
4.42	0.000467726	-1.26454E-06	-9.71E-09	146.2
4.51	0.00049471	-1.27073E-06	-9.74E-09	150.6
4.6	0.000522467	-1.27697E-06	-9.77E-09	155.0
4.69	0.00055099	-1.28328E-06	-9.80E-09	159.5
4.78	0.000580261	-1.28965E-06	-9.83E-09	163.9
4.87	0.000610267	-1.29609E-06	-9.86E-09	168.4
4.96	0.000640988	-1.30258E-06	-9.89E-09	173.0
5.05	0.000672414	-1.30915E-06	-9.92E-09	177.6
5.14	0.000704522	-1.31578E-06	-9.95E-09	182.2
5.23	0.000737283	-1.32248E-06	-9.98E-09	186.8
5.32	0.000770684	-1.32924E-06	-1.00E-08	191.5
5.41	0.000804695	-1.33608E-06	-1.00E-08	196.2
5.5	0.000839292	-1.34299E-06	-1.01E-08	201.0
5.59	0.000874447	-1.34997E-06	-1.01E-08	205.8
5.68	0.000910122	-1.35702E-06	-1.01E-08	210.6
5.77	0.000946287	-1.36415E-06	-1.02E-08	215.5
5.86	0.000982914	-1.37135E-06	-1.02E-08	220.4
5.95	0.001019957	-1.37863E-06	-1.02E-08	225.3
6.04	0.001057386	-1.38599E-06	-1.03E-08	230.3
6.13	0.001095159	-1.39343E-06	-1.03E-08	235.3
6.22	0.001133232	-1.40095E-06	-1.03E-08	240.3
6.31	0.001171564	-1.40855E-06	-1.04E-08	245.4
6.4	0.001210103	-1.41623E-06	-1.04E-08	250.5
6.49	0.001248807	-1.424E-06	-1.04E-08	255.7
6.58	0.00128763	-1.43186E-06	-1.05E-08	260.9
6.67	0.001326481	-1.4398E-06	-1.05E-08	266.1
6.76	0.001365265	-1.44782E-06	-1.05E-08	271.4
6.85	0.001403914	-1.45594E-06	-1.06E-08	276.7
6.94	0.00144237	-1.46414E-06	-1.06E-08	282.0
7.03	0.001480567	-1.47242E-06	-1.07E-08	287.4
7.12	0.001518438	-1.4808E-06	-1.07E-08	292.8
7.21	0.001555927	-1.48927E-06	-1.07E-08	298.2
7.3	0.001592963	-1.49783E-06	-1.08E-08	303.7
7.39	0.001629474	-1.50648E-06	-1.08E-08	309.2
7.48	0.001665396	-1.51522E-06	-1.08E-08	314.7
7.57	0.001700671	-1.52407E-06	-1.09E-08	320.2
7.66	0.001735219	-1.53301E-06	-1.09E-08	325.8
7.75	0.001768973	-1.54205E-06	-1.10E-08	331.4
7.84	0.001801876	-1.55119E-06	-1.10E-08	337.1
7.93	0.001833871	-1.56044E-06	-1.10E-08	342.8
8	0.001865043	-1.5698E-06	-1.11E-08	348.5
8	0.001882927	-1.56891E-06	-1.10E-08	354.3
8.22	0.001898381	-1.56708E-06	-1.10E-08	360.1
8.44	0.001912369	-1.56515E-06	-1.10E-08	366.0
8.66	0.001924832	-1.56311E-06	-1.09E-08	371.9
8.88	0.00193574	-1.56096E-06	-1.09E-08	377.9
9.1	0.001945044	-1.5587E-06	-1.08E-08	383.9
9.32	0.00195272	-1.55632E-06	-1.08E-08	390.0
9.54	0.001958721	-1.55382E-06	-1.08E-08	396.2
9.76	0.001963031	-1.5512E-06	-1.07E-08	402.4
9.98	0.001965617	-1.54846E-06	-1.07E-08	408.6
10.2	0.00196646	-1.54559E-06	-1.06E-08	414.9
10.42	0.00196553	-1.54258E-06	-1.06E-08	421.3
10.64	0.001962828	-1.53944E-06	-1.05E-08	427.7
10.86	0.001958334	-1.53616E-06	-1.05E-08	434.2
11.08	0.001952042	-1.53274E-06	-1.04E-08	440.7
11.3	0.001943949	-1.52917E-06	-1.04E-08	447.3
11.52	0.001934057	-1.52545E-06	-1.03E-08	453.9
11.74	0.001922376	-1.52157E-06	-1.03E-08	460.6
11.96	0.001908912	-1.51754E-06	-1.02E-08	467.4
12.18	0.001893681	-1.51334E-06	-1.02E-08	474.2
12.4	0.001876703	-1.50898E-06	-1.01E-08	481.1
12.62	0.001871959	-1.51574E-06	-1.01E-08	488.0
12.84	0.001869906	-1.52608E-06	-1.02E-08	495.0
13.06	0.00186626	-1.53657E-06	-1.02E-08	502.1
13.28	0.001861013	-1.54721E-06	-1.03E-08	509.2
13.5	0.00185417	-1.55802E-06	-1.03E-08	516.4
13.72	0.00184571	-1.56897E-06	-1.04E-08	523.6
13.94	0.001835652	-1.58009E-06	-1.04E-08	530.9
14.16	0.001826966	-1.59108E-06	-1.05E-08	538.3
14.38	0.001826274	-1.60132E-06	-1.05E-08	545.7
14.6	0.001825136	-1.61166E-06	-1.05E-08	553.2
14.82	0.001823583	-1.6221E-06	-1.06E-08	560.8
15	0.00182162	-1.63266E-06	-1.06E-08	568.4
15.11	0.001819275	-1.64333E-06	-1.07E-08	576.1
15.22	0.001816566	-1.65411E-06	-1.07E-08	583.8
15.33	0.001813506	-1.665E-06	-1.07E-08	591.6
15.44	0.001810122	-1.67601E-06	-1.08E-08	599.5
15.55	0.001806427	-1.68714E-06	-1.08E-08	607.4
15.66	0.001802434	-1.69837E-06	-1.09E-08	615.4
15.77	0.001798164	-1.70974E-06	-1.09E-08	623.4
15.88	0.001793634	-1.72122E-06	-1.10E-08	631.5
15.99	0.001788867	-1.73282E-06	-1.10E-08	639.7
16.1	0.001783864	-1.74454E-06	-1.11E-08	647.9
16.21	0.001778644	-1.75639E-06	-1.11E-08	656.2
16.32	0.001773228	-1.76837E-06	-1.11E-08	664.6
16.43	0.001767623	-1.78047E-06	-1.12E-08	673.0
16.54	0.001761847	-1.79271E-06	-1.12E-08	681.5
16.65	0.001755906	-1.80507E-06	-1.13E-08	690.1
16.76	0.001749806	-1.81756E-06	-1.13E-08	698.7
16.87	0.00174358	-1.83019E-06	-1.14E-08	707.4
16.98	0.001737215	-1.84295E-06	-1.14E-08	716.2
17.09	0.001730728	-1.85585E-06	-1.15E-08	725.0
17.2	0.001724132	-1.86889E-06	-1.15E-08	733.9
17.31	0.001717427	-1.88207E-06	-1.16E-08	742.8
17.42	0.001710628	-1.89538E-06	-1.16E-08	751.8
17.53	0.001703727	-1.90884E-06	-1.17E-08	760.9
17.64	0.001696756	-1.92246E-06	-1.17E-08	770.1
17.75	0.001689692	-1.93621E-06	-1.18E-08	779.3
18	0.001682553	-1.95011E-06	-1.18E-08	788.6
18.3	0.001675336	-1.96416E-06	-1.19E-08	798.0
18.6	0.001668052	-1.97837E-06	-1.19E-08	807.4
18.9	0.001660699	-1.99273E-06	-1.20E-08	816.9
19.2	0.001653273	-2.00725E-06	-1.20E-08	826.4
19.5	0.001645781	-2.02192E-06	-1.21E-08	836.1
19.8	0.001638226	-2.03676E-06	-1.22E-08	845.8
20.1	0.001630603	-2.05176E-06	-1.22E-08	855.5
20.4	0.001622913	-2.06692E-06	-1.23E-08	865.4
20.7	0.001615151	-2.08225E-06	-1.23E-08	875.3
21	0.001607319	-2.09775E-06	-1.24E-08	885.3
21.3	0.001599414	-2.11342E-06	-1.24E-08	895.3
21.6	0.001591424	-2.12926E-06	-1.25E-08	905.4
21.9	0.00158336	-2.14528E-06	-1.26E-08	915.6
22.2	0.001575212	-2.16147E-06	-1.26E-08	925.9
22.5	0.001566973	-2.17785E-06	-1.27E-08	936.2
22.8	0.001558636	-2.1944E-06	-1.27E-08	946.7
23.1	0.001550204	-2.21114E-06	-1.28E-08	957.1
23.4	0.001541669	-2.22807E-06	-1.29E-08	967.7
23.7	0.001533023	-2.24519E-06	-1.29E-08	978.3
24	0.001524257	-2.2625E-06	-1.30E-08	989.0
23.35	0.001515375	-2.28001E-06	-1.31E-08	999.8
22.7	0.001506358	-2.29771E-06	-1.31E-08	1010.7
22.05	0.001497208	-2.31561E-06	-1.32E-08	1021.6
21.4	0.001487909	-2.33372E-06	-1.32E-08	1032.6
20.75	0.001478465	-2.35204E-06	-1.33E-08	1043.7
20.1	0.00146886	-2.37056E-06	-1.34E-08	1054.8
19.45	0.001459087	-2.38929E-06	-1.35E-08	1066.1
18.8	0.001449143	-2.40823E-06	-1.35E-08	1077.4
18.15	0.001430513	-2.41306E-06	-1.35E-08	1088.8
17.5	0.001400977	-2.39931E-06	-1.34E-08	1100.2
16.85	0.001371835	-2.38578E-06	-1.33E-08	1111.8
16.2	0.00134307	-2.37246E-06	-1.32E-08	1123.4
15.55	0.001314675	-2.35937E-06	-1.31E-08	1135.1
14.9	0.001286635	-2.34648E-06	-1.30E-08	1146.9
14.25	0.001258937	-2.33379E-06	-1.29E-08	1158.8
13.6	0.001231577	-2.3213E-06	-1.28E-08	1170.7
12.95	0.001204542	-2.30903E-06	-1.26E-08	1182.7
12.3	0.001177821	-2.29694E-06	-1.25E-08	1194.8
12	0.001151414	-2.28504E-06	-1.25E-08	1207.0
11.88	0.001125303	-2.27334E-06	-1.24E-08	1219.3
11.76	0.001099487	-2.26182E-06	-1.23E-08	1231.7
11.64	0.001073963	-2.25049E-06	-1.22E-08	1244.1
11.52	0.001048708	-2.23934E-06	-1.21E-08	1256.6
11.4	0.001023738	-2.22837E-06	-1.20E-08	1269.2
11.28	0.001000219	-2.21793E-06	-1.19E-08	1281.9
11.16	0.000987947	-2.21094E-06	-1.18E-08	1294.7
11.04	0.000975647	-2.20409E-06	-1.18E-08	1307.6
10.92	0.00096331	-2.19738E-06	-1.17E-08	1320.5
10.8	0.000950927	-2.19082E-06	-1.16E-08	1333.6
10.68	0.000938501	-2.18439E-06	-1.16E-08	1346.7
10.56	0.000926029	-2.17811E-06	-1.15E-08	1359.9
10.44	0.000913494	-2.17195E-06	-1.14E-08	1373.2
10.32	0.000900916	-2.16595E-06	-1.14E-08	1386.6
10.2	0.00088827	-2.16006E-06	-1.13E-08	1400.1
10.08	0.000875558	-2.15431E-06	-1.13E-08	1413.7
10	0.000862788	-2.14869E-06	-1.12E-08	1427.3
9.87	0.000849953	-2.1432E-06	-1.11E-08	1441.1
9.74	0.000837054	-2.13783E-06	-1.11E-08	1455.0
9.61	0.000824086	-2.13259E-06	-1.10E-08	1468.9
9.48	0.000811051	-2.12748E-06	-1.10E-08	1483.0
9.35	0.000797948	-2.12249E-06	-1.09E-08	1497.1
9.22	0.000784784	-2.11762E-06	-1.09E-08	1511.3
9.09	0.000771548	-2.11287E-06	-1.08E-08	1525.7
8.96	0.000758252	-2.10825E-06	-1.08E-08	1540.1
8.83	0.000744897	-2.10374E-06	-1.07E-08	1554.6
8.7	0.000731478	-2.09935E-06	-1.07E-08	1569.3
8.57	0.000718006	-2.09508E-06	-1.06E-08	1584.0
8.44	0.000704484	-2.09093E-06	-1.06E-08	1598.8
8.31	0.00069091	-2.08689E-06	-1.06E-08	1613.7
8.18	0.000677287	-2.08297E-06	-1.05E-08	1628.8
8	0.000663627	-2.07915E-06	-1.05E-08	1643.9
7.87	0.000649932	-2.07546E-06	-1.04E-08	1659.2
7.74	0.000636205	-2.07187E-06	-1.04E-08	1674.5
7.61	0.000622453	-2.06839E-06	-1.04E-08	1690.0
7.48	0.000608681	-2.06503E-06	-1.03E-08	1705.5
7.35	0.000594901	-2.06178E-06	-1.03E-08	1721.2
7.22	0.000581113	-2.05864E-06	-1.02E-08	1737.0
7.09	0.000567327	-2.0556E-06	-1.02E-08	1752.9
6.96	0.000553548	-2.05267E-06	-1.02E-08	1768.9
6.83	0.000539791	-2.04986E-06	-1.01E-08	1785.0
6.7	0.000526055	-2.04715E-06	-1.01E-08	1801.2
6.57	0.000512353	-2.04454E-06	-1.01E-08	1817.6
6.44	0.000498692	-2.04204E-06	-1.01E-08	1834.0
6.31	0.000485085	-2.03966E-06	-1.00E-08	1850.6
6.18	0.000470256	-2.03682E-06	-1.00E-08	1867.3
6	0.000438802	-2.02668E-06	-9.93E-09	1884.1
5.89	0.000408608	-2.01666E-06	-9.87E-09	1901.1
5.78	0.000379679	-2.00677E-06	-9.81E-09	1918.1
5.67	0.000352012	-1.99698E-06	-9.75E-09	1935.3
5.56	0.000325605	-1.98731E-06	-9.69E-09	1952.6
5.45	0.000300455	-1.97777E-06	-9.63E-09	1970.1
5.34	0.000276552	-1.96832E-06	-9.58E-09	1987.6
5.23	0.000253886	-1.95899E-06	-9.52E-09	2005.3
5.12	0.000232445	-1.94977E-06	-9.47E-09	2023.1
5.01	0.000212214	-1.94067E-06	-9.41E-09	2041.1
4.9	0.000193172	-1.93166E-06	-9.36E-09	2059.2
4.79	0.000175292	-1.92284E-06	-9.31E-09	2077.3
4.68	0.000158564	-1.91405E-06	-9.26E-09	2095.6
5	0.000142955	-1.90536E-06	-9.22E-09	2114.1
5	0.000128433	-1.89677E-06	-9.17E-09	2132.8
4.917	0.000114968	-1.88829E-06	-9.13E-09	2151.5
4.834	0.000102525	-1.8799E-06	-9.08E-09	2170.4
4.751	9.1068E-05	-1.87163E-06	-9.04E-09	2189.5
4.668	8.05563E-05	-1.86343E-06	-9.00E-09	2208.7
4.585	7.09509E-05	-1.85534E-06	-8.97E-09	2228.0
4.502	6.22097E-05	-1.84734E-06	-8.93E-09	2247.5
4.419	5.42887E-05	-1.83945E-06	-8.89E-09	2267.2
4.336	4.71432E-05	-1.83164E-06	-8.86E-09	2286.9
4.253	4.07277E-05	-1.82392E-06	-8.83E-09	2306.9
4.17	3.49961E-05	-1.8163E-06	-8.80E-09	2327.0
4.087	2.99024E-05	-1.80877E-06	-8.77E-09	2347.2
4.004	2.53998E-05	-1.80133E-06	-8.74E-09	2367.6
4	2.14424E-05	-1.79397E-06	-8.72E-09	2388.2
3.86	1.79853E-05	-1.7867E-06	-8.69E-09	2409.0
3.72	1.49841E-05	-1.77953E-06	-8.67E-09	2429.9
3.58	1.23957E-05	-1.77243E-06	-8.65E-09	2450.9
3.44	1.01791E-05	-1.76542E-06	-8.63E-09	2472.2
3.3	8.29441E-06	-1.75849E-06	-8.62E-09	2493.6
3.16	6.70437E-06	-1.75166E-06	-8.60E-09	2515.1
3.02	5.37347E-06	-1.7449E-06	-8.59E-09	2536.9
3.3	4.2689E-06	-1.73822E-06	-8.58E-09	2558.8

