0
0
0
0
0
0
0
0
0
0
0
0
0
-3.1368e-07
-0.175604
-0.618255
-1.20848
-1.84769
-2.4644
-3.0128
-3.46788
-3.81995
-4.06962
-4.2239
-4.29329
-4.28979
-4.22566
-4.11259
-3.96129
-3.78126
-3.58074
-3.36673
-3.14508
-2.92057
-2.69709
-2.47767
-2.2647
-2.05995
-1.86471
-1.67988
-1.50601
-1.34341
-1.19214
-1.05213
-0.923158
-0.80492
-0.697033
-0.599064
-0.510549
-0.431002
-0.35993
-0.296838
-0.241237
-0.19265
-0.150614
-0.114684
-0.0844315
-0.0594509
-0.039356
-0.0237816
-0.0123837
-0.00483819
-0.000842617
0
0
0
0
0
0
0
0
0
0
0
0
0
0
0
0
0
0
0
0
0
0
0
0
0
0
0
0
0
0
0
0
0
0
0
0
0
0
0
0
0
0
0
0
0
0
0
0
0
0
0
0
0
0
0
0
0
0
0
0
0
0
0
0
0
0
0
0
0
0
0
0
0
0
0
0
0
0
0
0
0
0
0
0
0
0
0
0
0
0
0
0
0
0
0
0
0
0
0
0
0
0
0
0
0
0
0
0
0
0
0
0
0
0
0
0
0
0
0
0
0
0
0
0
0
0
0
0
0
0
0
0
0
0
0
0
0
0
0
0
0
0
0
0
0
0
0
0
0
0
0
0
0
0
0
0
0
0
0
0
0
0
0
0
0
0
0
0
0
0
0
0
0
0
0
0
0
0
0
0
0
0
0
0
0
0
0
0
0
0
0
0
0
0
0
0
