0.00	0	0.00E+00	0	0	1.21	0.0000
8.36	-16.71127512	-1.22E-06	2.58767E-06	3.63E-07	1.21	0.0408
8.38	-16.75524514	-5.03E-06	5.27028E-06	7.38E-07	1.22	0.0408
8.40	-16.80055367	-1.15E-05	7.98043E-06	1.12E-06	1.22	0.0409
8.42	-16.84716204	-2.07E-05	1.07169E-05	1.50E-06	1.22	0.0409
8.44	-16.89512938	-3.26E-05	1.34786E-05	1.88E-06	1.22	0.0410
8.46	-16.94448144	-4.73E-05	1.62643E-05	2.27E-06	1.22	0.0410
8.48	-16.99527667	-6.49E-05	1.90727E-05	2.66E-06	1.22	0.0410
8.51	-17.0474719	-8.54E-05	2.19026E-05	3.05E-06	1.22	0.0411
8.53	-17.10112364	-1.09E-04	2.47525E-05	3.44E-06	1.22	0.0411
8.55	-17.15625399	-1.35E-04	2.76213E-05	3.83E-06	1.22	0.0412
8.57	-17.21291844	-1.64E-04	3.05074E-05	4.23E-06	1.22	0.0412
8.59	-17.27106781	-1.97E-04	3.34092E-05	4.62E-06	1.22	0.0413
8.62	-17.3307558	-2.32E-04	3.63254E-05	5.02E-06	1.23	0.0413
8.64	-17.39199942	-2.71E-04	3.92545E-05	5.42E-06	1.23	0.0413
8.66	-17.45485002	-3.13E-04	4.21948E-05	5.82E-06	1.23	0.0414
8.69	-17.51925178	-3.57E-04	4.51445E-05	6.21E-06	1.23	0.0414
8.71	-17.58524862	-4.05E-04	4.81013E-05	6.61E-06	1.23	0.0415
8.73	-17.65284641	-4.56E-04	5.10631E-05	7.01E-06	1.23	0.0415
8.75	-17.72208281	-5.10E-04	5.40269E-05	7.41E-06	1.23	0.0415
8.78	-17.79288844	-5.68E-04	5.69907E-05	7.80E-06	1.23	0.0416
8.80	-17.8653023	-6.28E-04	5.99525E-05	8.20E-06	1.23	0.0416
8.82	-17.93933269	-6.91E-04	6.29113E-05	8.59E-06	1.23	0.0417
8.85	-18.01502455	-7.58E-04	6.58657E-05	8.98E-06	1.23	0.0417
8.87	-18.09292952	-8.29E-04	6.89364E-05	9.38E-06	1.24	0.0417
8.90	-18.17264114	-9.03E-04	7.20206E-05	9.79E-06	1.24	0.0418
8.92	-18.25414525	-9.81E-04	7.51103E-05	1.02E-05	1.24	0.0418
8.94	-18.33750337	-1.06E-03	7.82054E-05	1.06E-05	1.24	0.0419
8.97	-18.42265796	-1.15E-03	8.13037E-05	1.10E-05	1.24	0.0419
8.99	-18.50966543	-1.23E-03	8.44049E-05	1.14E-05	1.24	0.0419
9.02	-18.59854083	-1.33E-03	8.75075E-05	1.18E-05	1.24	0.0420
9.04	-18.68933562	-1.42E-03	9.06092E-05	1.22E-05	1.24	0.0420
9.07	-18.78198003	-1.52E-03	9.37088E-05	1.26E-05	1.24	0.0421
9.09	-18.8765191	-1.62E-03	9.68043E-05	1.30E-05	1.24	0.0421
9.12	-18.97299662	-1.73E-03	9.98941E-05	1.34E-05	1.24	0.0421
9.14	-19.0713317	-1.84E-03	0.000102975	1.38E-05	1.24	0.0422
9.17	-19.17156164	-1.95E-03	0.000106045	1.42E-05	1.25	0.0422
9.19	-19.27367286	-2.06E-03	0.000109101	1.45E-05	1.25	0.0423
9.22	-19.37770718	-2.18E-03	0.000112142	1.49E-05	1.25	0.0423
9.24	-19.48355746	-2.30E-03	0.000115165	1.53E-05	1.25	0.0423
9.27	-19.591251	-2.43E-03	0.000118165	1.57E-05	1.25	0.0424
9.30	-19.70077764	-2.56E-03	0.000121143	1.60E-05	1.25	0.0424
9.32	-19.81214085	-2.69E-03	0.000124093	1.64E-05	1.25	0.0424
9.35	-19.92523725	-2.82E-03	0.000127014	1.68E-05	1.25	0.0425
9.38	-20.04007241	-2.96E-03	0.000129903	1.71E-05	1.25	0.0425
9.40	-20.15662424	-3.10E-03	0.000132757	1.74E-05	1.25	0.0426
9.43	-20.27489304	-3.24E-03	0.000135573	1.78E-05	1.25	0.0426
9.46	-20.39474154	-3.38E-03	0.000138347	1.81E-05	1.26	0.0426
9.48	-20.51618446	-3.53E-03	0.000141078	1.84E-05	1.26	0.0427
9.51	-20.63916868	-3.68E-03	0.000143762	1.88E-05	1.26	0.0427
9.54	-20.76368655	-3.83E-03	0.000146396	1.91E-05	1.26	0.0427
9.57	-20.88960192	-3.98E-03	0.000148978	1.94E-05	1.26	0.0428
9.59	-21.01688351	-4.14E-03	0.000151503	1.96E-05	1.26	0.0428
9.62	-21.14547374	-4.29E-03	0.00015397	1.99E-05	1.26	0.0428
9.65	-21.2753635	-4.45E-03	0.000156374	2.02E-05	1.26	0.0429
9.68	-21.40637427	-4.61E-03	0.000158714	2.05E-05	1.26	0.0429
9.71	-21.53849347	-4.77E-03	0.000160986	2.07E-05	1.26	0.0430
9.74	-21.67164034	-4.93E-03	0.000163188	2.10E-05	1.26	0.0430
9.76	-21.80577378	-5.09E-03	0.000165315	2.12E-05	1.27	0.0430
9.79	-21.94072381	-5.25E-03	0.000167367	2.14E-05	1.27	0.0431
9.82	-22.07643586	-5.41E-03	0.000169338	2.16E-05	1.27	0.0431
9.85	-22.21282639	-5.57E-03	0.000171227	2.18E-05	1.27	0.0431
9.88	-22.34985261	-5.73E-03	0.000173031	2.20E-05	1.27	0.0432
9.91	-22.48724427	-5.90E-03	0.000174745	2.22E-05	1.27	0.0432
9.94	-22.62485853	-6.05E-03	0.000176362	2.23E-05	1.27	0.0432
9.97	-22.76260951	-6.21E-03	0.000177881	2.25E-05	1.27	0.0433
10.00	-22.90028998	-6.37E-03	0.000179298	2.26E-05	1.27	0.0433
10.03	-23.03781805	-6.52E-03	0.000180611	2.27E-05	1.27	0.0434
10.06	-23.17506129	-6.67E-03	0.000181818	2.28E-05	1.28	0.0434
10.09	-23.31195845	-6.82E-03	0.000182916	2.29E-05	1.28	0.0434
10.12	-23.44827712	-6.97E-03	0.000183903	2.29E-05	1.28	0.0435
10.16	-23.58392074	-7.11E-03	0.000184777	2.30E-05	1.28	0.0435
10.19	-23.71876778	-7.25E-03	0.000185537	2.30E-05	1.28	0.0435
10.22	-23.85274938	-7.67E-03	0.000186181	2.40E-05	1.28	0.0436
10.25	-23.98561464	-7.80E-03	0.000186707	2.39E-05	1.28	0.0436
10.28	-24.11728187	-7.93E-03	0.000187114	2.39E-05	1.28	0.0436
10.31	-24.24763694	-8.05E-03	0.0001874	2.39E-05	1.28	0.0437
10.35	-24.3766213	-8.17E-03	0.000187566	2.38E-05	1.29	0.0437
10.38	-24.50430984	-8.28E-03	0.00018762	2.38E-05	1.29	0.0437
10.41	-24.60571297	-8.34E-03	0.00018633	2.35E-05	1.29	0.0438
10.44	-24.70265094	-8.38E-03	0.000184819	2.33E-05	1.29	0.0438
10.48	-24.79711228	-8.41E-03	0.00018319	2.30E-05	1.29	0.0439
10.51	-24.8888824	-8.44E-03	0.000181444	2.27E-05	1.29	0.0439
10.54	-24.97795665	-8.47E-03	0.000179584	2.24E-05	1.29	0.0439
10.58	-25.06423689	-8.48E-03	0.000177611	2.21E-05	1.29	0.0440
10.61	-25.14773338	-8.49E-03	0.000175528	2.18E-05	1.30	0.0440
10.65	-25.22825381	-8.49E-03	0.000173339	2.14E-05	1.30	0.0440
10.68	-25.30581865	-8.48E-03	0.000171045	2.11E-05	1.30	0.0441
10.72	-25.3803686	-8.47E-03	0.000168651	2.07E-05	1.30	0.0441
10.75	-25.45192202	-8.45E-03	0.000166159	2.04E-05	1.30	0.0441
10.79	-25.52031776	-8.42E-03	0.000163573	2.00E-05	1.30	0.0442
10.82	-25.58561262	-8.38E-03	0.000160898	1.96E-05	1.30	0.0442
10.86	-25.64777428	-8.33E-03	0.000158136	1.92E-05	1.30	0.0443
10.89	-25.70684757	-8.28E-03	0.000155292	1.88E-05	1.31	0.0443
10.93	-25.7627235	-8.22E-03	0.000152371	1.84E-05	1.31	0.0443
10.97	-25.81546562	-8.15E-03	0.000149377	1.80E-05	1.31	0.0444
11.00	-25.86509652	-8.08E-03	0.000146314	1.75E-05	1.31	0.0444
11.04	-25.91169329	-7.99E-03	0.000143187	1.71E-05	1.31	0.0444
11.08	-25.95517656	-7.91E-03	0.000140002	1.67E-05	1.31	0.0445
11.11	-25.99564921	-7.81E-03	0.000136763	1.62E-05	1.31	0.0445
11.15	-26.06125989	-7.76E-03	0.000134477	1.59E-05	1.31	0.0446
11.19	-26.13272688	-7.73E-03	0.00013243	1.56E-05	1.32	0.0446
11.23	-26.20151047	-7.69E-03	0.000130313	1.53E-05	1.32	0.0446
11.26	-26.26759541	-7.64E-03	0.000128129	1.50E-05	1.32	0.0447
11.30	-26.33106036	-7.59E-03	0.000125883	1.47E-05	1.32	0.0447
11.34	-26.39174578	-7.53E-03	0.000123575	1.44E-05	1.32	0.0447
11.38	-26.44975703	-7.46E-03	0.00012121	1.41E-05	1.32	0.0448
11.42	-26.51106788	-7.40E-03	0.000118985	1.38E-05	1.33	0.0448
11.46	-26.58904459	-7.38E-03	0.000117321	1.35E-05	1.33	0.0449
11.50	-26.66661606	-7.35E-03	0.00011566	1.33E-05	1.33	0.0449
11.54	-26.74391414	-7.32E-03	0.000114006	1.30E-05	1.33	0.0449
11.58	-26.82095211	-7.28E-03	0.000112358	1.28E-05	1.33	0.0450
11.62	-26.89785602	-7.25E-03	0.000110718	1.26E-05	1.33	0.0450
11.66	-26.97454161	-7.21E-03	0.000109088	1.24E-05	1.34	0.0451
11.70	-27.05110486	-7.18E-03	0.000107469	1.21E-05	1.34	0.0451
11.75	-27.12760634	-7.14E-03	0.000105862	1.19E-05	1.34	0.0451
11.79	-27.20414263	-7.10E-03	0.000104268	1.17E-05	1.34	0.0452
11.83	-27.28061651	-7.06E-03	0.000102688	1.15E-05	1.34	0.0452
11.87	-27.35714367	-7.02E-03	0.000101122	1.13E-05	1.34	0.0453
11.92	-27.43376089	-6.98E-03	9.95718E-05	1.10E-05	1.35	0.0453
11.96	-27.5105926	-6.93E-03	9.80382E-05	1.08E-05	1.35	0.0454
12.00	-27.58750917	-6.89E-03	9.6521E-05	1.06E-05	1.35	0.0454
12.05	-27.6646251	-6.84E-03	9.50212E-05	1.04E-05	1.35	0.0454
12.09	-27.7419906	-6.80E-03	9.35394E-05	1.02E-05	1.35	0.0455
12.13	-27.81969294	-6.75E-03	9.20757E-05	1.00E-05	1.36	0.0455
12.18	-27.89763865	-6.71E-03	9.0631E-05	9.84E-06	1.36	0.0456
12.22	-27.97591801	-6.66E-03	8.9205E-05	9.65E-06	1.36	0.0456
12.27	-28.05454855	-6.61E-03	8.77978E-05	9.46E-06	1.36	0.0457
12.32	-28.13367262	-6.56E-03	8.64107E-05	9.28E-06	1.36	0.0457
12.36	-28.21313608	-6.52E-03	8.50428E-05	9.10E-06	1.37	0.0458
12.41	-28.29304566	-6.47E-03	8.36942E-05	8.92E-06	1.37	0.0458
12.45	-28.37351091	-6.42E-03	8.23656E-05	8.75E-06	1.37	0.0459
12.50	-28.45439483	-6.37E-03	8.10563E-05	8.57E-06	1.37	0.0459
12.55	-28.53580792	-6.32E-03	7.97668E-05	8.41E-06	1.38	0.0460
12.60	-28.6177422	-6.27E-03	7.84963E-05	8.24E-06	1.38	0.0460
12.65	-28.70034275	-6.22E-03	7.72459E-05	8.08E-06	1.38	0.0461
12.69	-28.78342708	-6.17E-03	7.6014E-05	7.92E-06	1.38	0.0461
12.74	-28.86710997	-6.12E-03	7.48012E-05	7.76E-06	1.38	0.0462
12.79	-28.95139726	-6.07E-03	7.3607E-05	7.61E-06	1.39	0.0462
12.84	-29.03639493	-6.02E-03	7.24315E-05	7.46E-06	1.39	0.0463
12.89	-29.12195438	-5.97E-03	7.12741E-05	7.31E-06	1.39	0.0463
12.94	-29.20815579	-5.92E-03	7.01344E-05	7.16E-06	1.39	0.0464
12.99	-29.29502026	-5.87E-03	6.90122E-05	7.02E-06	1.40	0.0464
13.05	-29.38264312	-5.82E-03	6.79075E-05	6.88E-06	1.40	0.0465
13.10	-29.47086608	-5.77E-03	6.68196E-05	6.74E-06	1.40	0.0465
13.15	-29.55977991	-5.72E-03	6.57483E-05	6.61E-06	1.41	0.0466
13.20	-29.64938443	-5.67E-03	6.4693E-05	6.48E-06	1.41	0.0467
13.26	-29.73977365	-5.62E-03	6.36534E-05	6.35E-06	1.41	0.0467
13.31	-29.83079086	-5.57E-03	6.26292E-05	6.22E-06	1.41	0.0468
13.36	-29.92250248	-5.52E-03	6.16197E-05	6.09E-06	1.42	0.0468
13.42	-30.01494098	-5.47E-03	6.06248E-05	5.97E-06	1.42	0.0469
13.47	-30.10818427	-5.42E-03	5.96441E-05	5.85E-06	1.42	0.0469
13.53	-30.20205672	-5.37E-03	5.86769E-05	5.73E-06	1.43	0.0470
13.58	-30.29664097	-5.31E-03	5.77229E-05	5.61E-06	1.43	0.0471
13.64	-30.39195545	-5.26E-03	5.67817E-05	5.50E-06	1.43	0.0471
13.70	-30.48808079	-5.21E-03	5.5853E-05	5.39E-06	1.44	0.0472
13.75	-30.58484072	-5.16E-03	5.49363E-05	5.28E-06	1.44	0.0473
13.81	-30.68231508	-5.11E-03	5.40309E-05	5.17E-06	1.44	0.0473
13.87	-30.78052189	-5.06E-03	5.3137E-05	5.06E-06	1.45	0.0474
13.93	-30.87952963	-5.01E-03	5.22535E-05	4.95E-06	1.45	0.0475
13.99	-30.97917042	-4.95E-03	5.13805E-05	4.85E-06	1.45	0.0475
14.05	-31.0795166	-4.90E-03	5.05174E-05	4.75E-06	1.46	0.0476
14.11	-31.18068314	-4.85E-03	4.96639E-05	4.65E-06	1.46	0.0477
14.17	-31.28246286	-4.80E-03	4.88192E-05	4.55E-06	1.46	0.0478
14.23	-31.38494879	-4.74E-03	4.79835E-05	4.45E-06	1.47	0.0478
14.29	-31.48814913	-4.69E-03	4.71558E-05	4.35E-06	1.47	0.0479
14.35	-31.57506703	-4.61E-03	4.6063E-05	4.23E-06	1.48	0.0480
14.41	-31.64106629	-4.49E-03	4.46417E-05	4.08E-06	1.48	0.0481
14.48	-31.70895646	-4.38E-03	4.32593E-05	3.94E-06	1.48	0.0481
14.54	-31.77871841	-4.27E-03	4.19138E-05	3.80E-06	1.49	0.0482
14.60	-31.85045157	-4.16E-03	4.06048E-05	3.66E-06	1.49	0.0483
14.67	-31.92394315	-4.05E-03	3.93306E-05	3.53E-06	1.50	0.0484
14.74	-31.99928212	-3.95E-03	3.80897E-05	3.41E-06	1.50	0.0485
14.80	-32.07647368	-3.84E-03	3.68819E-05	3.28E-06	1.50	0.0485
14.87	-32.15561176	-3.74E-03	3.57053E-05	3.16E-06	1.51	0.0486
14.94	-32.23648428	-3.64E-03	3.45597E-05	3.05E-06	1.51	0.0487
15.00	-32.31921098	-3.54E-03	3.34437E-05	2.93E-06	1.52	0.0488
15.07	-32.40377373	-3.45E-03	3.23561E-05	2.83E-06	1.52	0.0489
15.14	-32.49029329	-3.35E-03	3.12968E-05	2.72E-06	1.53	0.0490
15.21	-32.57856522	-3.26E-03	3.02645E-05	2.62E-06	1.53	0.0491
15.28	-32.66867294	-3.16E-03	2.92584E-05	2.52E-06	1.54	0.0492
15.35	-32.76066042	-3.07E-03	2.8278E-05	2.42E-06	1.54	0.0493
15.42	-32.85700458	-2.99E-03	2.73546E-05	2.33E-06	1.55	0.0494
15.50	-32.97717748	-2.94E-03	2.67523E-05	2.27E-06	1.55	0.0495
15.57	-33.09866235	-2.89E-03	2.61594E-05	2.21E-06	1.56	0.0496
15.64	-33.22145778	-2.84E-03	2.55751E-05	2.15E-06	1.57	0.0497
15.72	-33.34568244	-2.79E-03	2.49995E-05	2.09E-06	1.57	0.0498
15.79	-33.47113074	-2.74E-03	2.44324E-05	2.03E-06	1.58	0.0499
15.87	-33.59793513	-2.69E-03	2.38734E-05	1.98E-06	1.58	0.0500
15.95	-33.72607809	-2.64E-03	2.3322E-05	1.92E-06	1.59	0.0501
16.02	-33.85574421	-2.59E-03	2.27788E-05	1.87E-06	1.59	0.0503
16.10	-33.98666428	-2.54E-03	2.22426E-05	1.82E-06	1.60	0.0504
16.18	-34.11898697	-2.49E-03	2.17137E-05	1.76E-06	1.61	0.0505
16.26	-34.25274585	-2.44E-03	2.11921E-05	1.71E-06	1.61	0.0506
16.34	-34.38807827	-2.40E-03	2.06775E-05	1.66E-06	1.62	0.0507
16.42	-34.52476049	-2.35E-03	2.01698E-05	1.61E-06	1.63	0.0509
16.50	-34.6629295	-2.30E-03	1.96688E-05	1.57E-06	1.63	0.0510
16.59	-34.80274488	-2.25E-03	1.91743E-05	1.52E-06	1.64	0.0511
16.67	-34.94396982	-2.20E-03	1.86863E-05	1.47E-06	1.65	0.0513
16.76	-35.08677376	-2.16E-03	1.82049E-05	1.43E-06	1.66	0.0514
16.84	-35.23116175	-2.11E-03	1.77297E-05	1.38E-06	1.66	0.0516
16.93	-35.37731388	-2.06E-03	1.72609E-05	1.34E-06	1.67	0.0517
17.01	-35.52499843	-2.02E-03	1.67984E-05	1.30E-06	1.68	0.0518
17.10	-35.67436074	-1.97E-03	1.6342E-05	1.25E-06	1.69	0.0520
17.19	-35.8254555	-1.92E-03	1.58919E-05	1.21E-06	1.70	0.0522
17.28	-35.97845266	-1.88E-03	1.5448E-05	1.17E-06	1.70	0.0523
17.37	-36.13310479	-1.83E-03	1.50101E-05	1.13E-06	1.71	0.0525
17.46	-36.28958149	-1.79E-03	1.45783E-05	1.10E-06	1.72	0.0526
17.56	-36.44794141	-1.74E-03	1.41527E-05	1.06E-06	1.73	0.0528
17.65	-36.60836272	-1.69E-03	1.37334E-05	1.02E-06	1.74	0.0530
17.75	-36.77059529	-1.65E-03	1.33201E-05	9.85E-07	1.75	0.0532
17.84	-36.9348284	-1.61E-03	1.29129E-05	9.50E-07	1.76	0.0533
17.94	-37.1011099	-1.56E-03	1.25119E-05	9.16E-07	1.77	0.0535
18.04	-37.26964479	-1.52E-03	1.21174E-05	8.82E-07	1.78	0.0537
18.14	-37.44016755	-1.47E-03	1.1729E-05	8.49E-07	1.79	0.0539
18.24	-37.61288587	-1.43E-03	1.13469E-05	8.17E-07	1.80	0.0541
18.34	-37.78784543	-1.39E-03	1.09711E-05	7.86E-07	1.81	0.0543
18.44	-37.96527135	-1.35E-03	1.06018E-05	7.55E-07	1.82	0.0545
18.54	-38.14488527	-1.31E-03	1.0239E-05	7.25E-07	1.83	0.0547
18.65	-38.32690928	-1.27E-03	9.88263E-06	6.96E-07	1.84	0.0549
18.75	-38.51139633	-1.22E-03	9.53279E-06	6.68E-07	1.86	0.0551
18.86	-38.69858249	-1.18E-03	9.18962E-06	6.40E-07	1.87	0.0554
18.97	-38.88561023	-1.14E-03	8.82901E-06	6.11E-07	1.88	0.0556
19.08	-39.04174859	-1.06E-03	8.16496E-06	5.62E-07	1.89	0.0558
19.19	-39.20296972	-9.80E-04	7.53539E-06	5.15E-07	1.91	0.0561
19.30	-39.36950056	-9.05E-04	6.93962E-06	4.72E-07	1.92	0.0563
19.42	-39.54103548	-8.34E-04	6.37682E-06	4.31E-07	1.93	0.0566
19.53	-39.71778963	-7.67E-04	5.84616E-06	3.93E-07	1.95	0.0569
19.65	-39.89998463	-7.03E-04	5.34686E-06	3.57E-07	1.96	0.0571
19.77	-40.08729163	-6.43E-04	4.87798E-06	3.24E-07	1.98	0.0574
19.88	-40.2799188	-5.87E-04	4.4387E-06	2.93E-07	1.99	0.0577
20.01	-40.47789443	-5.34E-04	4.02805E-06	2.64E-07	2.01	0.0580
20.13	-40.6814301	-4.84E-04	3.64513E-06	2.37E-07	2.02	0.0583
20.25	-40.89016106	-4.38E-04	3.2889E-06	2.13E-07	2.04	0.0586
20.38	-41.10427527	-3.95E-04	2.95843E-06	1.90E-07	2.06	0.0589
20.50	-41.32381109	-3.55E-04	2.65268E-06	1.69E-07	2.07	0.0593
20.63	-41.54895715	-3.18E-04	2.37063E-06	1.50E-07	2.09	0.0596
20.76	-41.7793166	-2.84E-04	2.11122E-06	1.33E-07	2.11	0.0599
20.89	-42.0150835	-2.53E-04	1.87339E-06	1.17E-07	2.13	0.0603
21.03	-42.25625075	-2.24E-04	1.65608E-06	1.03E-07	2.15	0.0607
21.16	-42.50302149	-1.97E-04	1.45821E-06	9.02E-08	2.17	0.0611
21.30	-42.75496348	-1.74E-04	1.27868E-06	7.86E-08	2.19	0.0614
21.43	-43.01227266	-1.52E-04	1.11644E-06	6.82E-08	2.21	0.0619
21.57	-43.27493405	-1.32E-04	9.70406E-07	5.89E-08	2.23	0.0623
21.72	-43.54315101	-1.15E-04	8.3951E-07	5.06E-08	2.26	0.0627
21.86	-43.816469	-9.89E-05	7.22705E-07	4.33E-08	2.28	0.0631
22.01	-44.09508961	-8.49E-05	6.18959E-07	3.68E-08	2.30	0.0636
22.15	-44.37899729	-7.25E-05	5.27259E-07	3.11E-08	2.33	0.0641
22.30	-44.66841152	-6.15E-05	4.46629E-07	2.62E-08	2.35	0.0646
22.46	-44.96285786	-5.19E-05	3.76106E-07	2.19E-08	2.38	0.0651
22.61	-45.26255754	-4.35E-05	3.14773E-07	1.82E-08	2.41	0.0656
22.77	-45.56750593	-3.62E-05	2.6175E-07	1.50E-08	2.44	0.0661
22.92	-45.8779483	-3.00E-05	2.16196E-07	1.23E-08	2.47	0.0667
23.08	-46.19340107	-2.46E-05	1.77313E-07	1.01E-08	2.50	0.0673
23.25	-46.51411728	-2.01E-05	1.44355E-07	8.13E-09	2.53	0.0679
23.41	-46.84011324	-1.63E-05	1.16617E-07	6.52E-09	2.56	0.0685
23.58	-47.17167276	-1.31E-05	9.34528E-08	5.19E-09	2.60	0.0691
23.75	-47.50831016	-1.04E-05	7.42592E-08	4.09E-09	2.63	0.0698
23.92	-47.85032039	-8.20E-06	5.84887E-08	3.20E-09	2.67	0.0705
