0.00E+00	0	0.00E+00	0	0.00E+00	0	0.00E+00	0	0.00E+00	0
4.08E-02	-0.602941925	-4.08E-02	1.019656388	4.08E-02	-1.42659577	-4.08E-02	1.834166202	4.08E-02	-2.241812931
4.08E-02	-0.604472106	-4.08E-02	1.02224413	4.08E-02	-1.430216266	-4.08E-02	1.838821054	4.08E-02	-2.247502332
4.09E-02	-0.606011262	-4.09E-02	1.024847053	4.09E-02	-1.433858001	-4.09E-02	1.843503212	4.09E-02	-2.253225108
4.09E-02	-0.607557082	-4.09E-02	1.027461242	4.09E-02	-1.4375155	-4.09E-02	1.848205638	4.09E-02	-2.258972656
4.10E-02	-0.609110807	-4.10E-02	1.030088803	4.10E-02	-1.441191705	-4.10E-02	1.852932115	4.10E-02	-2.264749601
4.10E-02	-0.6106725	-4.10E-02	1.032729837	4.10E-02	-1.444886761	-4.10E-02	1.857682828	4.10E-02	-2.270556169
4.10E-02	-0.612243436	-4.10E-02	1.035386502	4.10E-02	-1.448603687	-4.10E-02	1.862461659	4.10E-02	-2.276397103
4.11E-02	-0.613821254	-4.11E-02	1.038054806	4.11E-02	-1.452336897	-4.11E-02	1.867261426	4.11E-02	-2.282263627
4.11E-02	-0.615407226	-4.11E-02	1.040736899	4.11E-02	-1.456089399	-4.11E-02	1.872085997	4.11E-02	-2.288160467
4.12E-02	-0.617001415	-4.12E-02	1.043432887	4.12E-02	-1.459861342	-4.12E-02	1.876935563	4.12E-02	-2.294087859
4.12E-02	-0.618605124	-4.12E-02	1.046144977	4.12E-02	-1.463655812	-4.12E-02	1.881814091	4.12E-02	-2.300050648
4.13E-02	-0.620215945	-4.13E-02	1.048869093	4.13E-02	-1.467467109	-4.13E-02	1.886714255	4.13E-02	-2.306039882
4.13E-02	-0.621835177	-4.13E-02	1.051607434	4.13E-02	-1.471298307	-4.13E-02	1.891640004	4.13E-02	-2.312060389
4.13E-02	-0.623462887	-4.13E-02	1.054360111	4.13E-02	-1.475149562	-4.13E-02	1.896591542	4.13E-02	-2.318112414
4.14E-02	-0.625100405	-4.14E-02	1.057129377	4.14E-02	-1.479024027	-4.14E-02	1.90157292	4.14E-02	-2.324200912
4.14E-02	-0.626745276	-4.14E-02	1.059911076	4.14E-02	-1.482915887	-4.14E-02	1.906576663	4.14E-02	-2.330316746
4.15E-02	-0.628398826	-4.15E-02	1.062707453	4.15E-02	-1.486828284	-4.15E-02	1.911606809	4.15E-02	-2.336464851
4.15E-02	-0.630061125	-4.15E-02	1.065518625	4.15E-02	-1.490761379	-4.15E-02	1.916663567	4.15E-02	-2.342645483
4.15E-02	-0.631733534	-4.15E-02	1.068346895	4.15E-02	-1.494718396	-4.15E-02	1.921751082	4.15E-02	-2.348863707
4.16E-02	-0.633413545	-4.16E-02	1.071188022	4.16E-02	-1.498693401	-4.16E-02	1.926861724	4.16E-02	-2.355110198
4.16E-02	-0.635102516	-4.16E-02	1.0740443	4.16E-02	-1.502689604	-4.16E-02	1.93199962	4.16E-02	-2.361390001
4.17E-02	-0.636800518	-4.17E-02	1.076915851	4.17E-02	-1.506707176	-4.17E-02	1.93716499	4.17E-02	-2.367703383
4.17E-02	-0.638508945	-4.17E-02	1.079805031	4.17E-02	-1.510749413	-4.17E-02	1.942362071	4.17E-02	-2.374055525
4.17E-02	-0.640225235	-4.17E-02	1.08270751	4.17E-02	-1.514810256	-4.17E-02	1.947583074	4.17E-02	-2.380436905
4.18E-02	-0.641950776	-4.18E-02	1.085625635	4.18E-02	-1.518892988	-4.18E-02	1.95283222	4.18E-02	-2.386852683
4.18E-02	-0.643685645	-4.18E-02	1.088559532	4.18E-02	-1.522997787	-4.18E-02	1.958109737	4.18E-02	-2.393303139
4.19E-02	-0.645431265	-4.19E-02	1.091511611	4.19E-02	-1.527128026	-4.19E-02	1.963419963	4.19E-02	-2.399793571
4.19E-02	-0.647185022	-4.19E-02	1.094477452	4.19E-02	-1.531277518	-4.19E-02	1.96875494	4.19E-02	-2.406314257
4.19E-02	-0.648948335	-4.19E-02	1.097459453	4.19E-02	-1.53544962	-4.19E-02	1.974118989	4.19E-02	-2.412870476
4.20E-02	-0.650721284	-4.20E-02	1.100457749	4.20E-02	-1.539644519	-4.20E-02	1.979512348	4.20E-02	-2.419462518
4.20E-02	-0.652505325	-4.20E-02	1.103474805	4.20E-02	-1.543865666	-4.20E-02	1.984939452	4.20E-02	-2.426095806
4.21E-02	-0.654297789	-4.21E-02	1.106506104	4.21E-02	-1.548106741	-4.21E-02	1.990392178	4.21E-02	-2.43276041
4.21E-02	-0.656100128	-4.21E-02	1.109554104	4.21E-02	-1.55237118	-4.21E-02	1.995874944	4.21E-02	-2.439461731
4.21E-02	-0.657913827	-4.21E-02	1.112621313	4.21E-02	-1.556662496	-4.21E-02	2.001392265	4.21E-02	-2.446205286
4.22E-02	-0.65973617	-4.22E-02	1.115703142	4.22E-02	-1.560974267	-4.22E-02	2.006935885	4.22E-02	-2.452980986
4.22E-02	-0.661568637	-4.22E-02	1.118802092	4.22E-02	-1.565309991	-4.22E-02	2.012510301	4.22E-02	-2.459794325
4.23E-02	-0.663411312	-4.23E-02	1.121918305	4.23E-02	-1.569669867	-4.23E-02	2.01811577	4.23E-02	-2.466645619
4.23E-02	-0.665265714	-4.23E-02	1.12505435	4.23E-02	-1.574057491	-4.23E-02	2.023756913	4.23E-02	-2.473540517
4.23E-02	-0.667129071	-4.23E-02	1.128205538	4.23E-02	-1.578466301	-4.23E-02	2.029425295	4.23E-02	-2.480468708
4.24E-02	-0.669002895	-4.24E-02	1.131374428	4.24E-02	-1.582899878	-4.24E-02	2.035125521	4.24E-02	-2.487435818
4.24E-02	-0.670887275	-4.24E-02	1.134561169	4.24E-02	-1.587358431	-4.24E-02	2.040857857	4.24E-02	-2.494442177
4.24E-02	-0.672783767	-4.24E-02	1.137768394	4.24E-02	-1.591845642	-4.24E-02	2.046627039	4.24E-02	-2.501493569
4.25E-02	-0.674689536	-4.25E-02	1.140991308	4.25E-02	-1.596354804	-4.25E-02	2.052424443	4.25E-02	-2.508579457
4.25E-02	-0.676606134	-4.25E-02	1.144232533	4.25E-02	-1.600889585	-4.25E-02	2.058254786	4.25E-02	-2.515705604
4.26E-02	-0.678533651	-4.26E-02	1.147492226	4.26E-02	-1.605450203	-4.26E-02	2.064118347	4.26E-02	-2.522872352
4.26E-02	-0.680473682	-4.26E-02	1.150773081	4.26E-02	-1.610040429	-4.26E-02	2.070019975	4.26E-02	-2.530085628
4.26E-02	-0.682423329	-4.26E-02	1.154070199	4.26E-02	-1.614653409	-4.26E-02	2.075950858	4.26E-02	-2.53733466
4.27E-02	-0.684384181	-4.27E-02	1.157386264	4.27E-02	-1.619292899	-4.27E-02	2.081915824	4.27E-02	-2.54462535
4.27E-02	-0.686356334	-4.27E-02	1.160721442	4.27E-02	-1.623959128	-4.27E-02	2.087915168	4.27E-02	-2.551958059
4.27E-02	-0.688341421	-4.27E-02	1.164078492	4.27E-02	-1.628655958	-4.27E-02	2.093953857	4.27E-02	-2.559338858
4.28E-02	-0.690336479	-4.28E-02	1.167452406	4.28E-02	-1.633376384	-4.28E-02	2.100022881	4.28E-02	-2.566756733
4.28E-02	-0.692343136	-4.28E-02	1.170845935	4.28E-02	-1.638124251	-4.28E-02	2.106127188	4.28E-02	-2.574217734
4.28E-02	-0.694361493	-4.28E-02	1.174259249	4.28E-02	-1.642899801	-4.28E-02	2.112267086	4.28E-02	-2.581722235
4.29E-02	-0.696393224	-4.29E-02	1.17769518	4.29E-02	-1.647706994	-4.29E-02	2.118447667	4.29E-02	-2.589276461
4.29E-02	-0.698435299	-4.29E-02	1.181148605	4.29E-02	-1.652538662	-4.29E-02	2.124659716	4.29E-02	-2.596869149
4.30E-02	-0.700489385	-4.30E-02	1.184622343	4.30E-02	-1.65739875	-4.30E-02	2.130908304	4.30E-02	-2.604506497
4.30E-02	-0.702555589	-4.30E-02	1.188116574	4.30E-02	-1.66228751	-4.30E-02	2.137193754	4.30E-02	-2.6121889
4.30E-02	-0.704635627	-4.30E-02	1.191634199	4.30E-02	-1.667209	-4.30E-02	2.143521287	4.30E-02	-2.619922738
4.31E-02	-0.706726399	-4.31E-02	1.195169979	4.31E-02	-1.672155891	-4.31E-02	2.149881477	4.31E-02	-2.627696491
4.31E-02	-0.708829617	-4.31E-02	1.198726803	4.31E-02	-1.677132225	-4.31E-02	2.156279522	4.31E-02	-2.635516513
4.31E-02	-0.710945389	-4.31E-02	1.202304862	4.31E-02	-1.682138267	-4.31E-02	2.162715762	4.31E-02	-2.64338322
4.32E-02	-0.713075478	-4.32E-02	1.20590713	4.32E-02	-1.687178181	-4.32E-02	2.169195551	4.32E-02	-2.651303153
4.32E-02	-0.715216712	-4.32E-02	1.209528246	4.32E-02	-1.692244465	-4.32E-02	2.175709244	4.32E-02	-2.659264527
4.32E-02	-0.717370844	-4.32E-02	1.213171175	4.32E-02	-1.697341267	-4.32E-02	2.182262174	4.32E-02	-2.667273857
4.33E-02	-0.719539668	-4.33E-02	1.21683895	4.33E-02	-1.702472832	-4.33E-02	2.188859799	4.33E-02	-2.675337815
4.33E-02	-0.721719959	-4.33E-02	1.220526117	4.33E-02	-1.707631527	-4.33E-02	2.195492304	4.33E-02	-2.683444407
4.34E-02	-0.723913503	-4.34E-02	1.224235696	4.34E-02	-1.71282158	-4.34E-02	2.202165126	4.34E-02	-2.691600275
4.34E-02	-0.726120421	-4.34E-02	1.227967894	4.34E-02	-1.718043278	-4.34E-02	2.208878633	4.34E-02	-2.699805872
4.34E-02	-0.728342555	-4.34E-02	1.231725823	4.34E-02	-1.723300976	-4.34E-02	2.215638427	4.34E-02	-2.708068042
4.35E-02	-0.730576603	-4.35E-02	1.2355039	4.35E-02	-1.728586863	-4.35E-02	2.222434462	4.35E-02	-2.716374508
4.35E-02	-0.732824397	-4.35E-02	1.239305225	4.35E-02	-1.733905276	-4.35E-02	2.229272316	4.35E-02	-2.724732087
4.35E-02	-0.735086066	-4.35E-02	1.243130013	4.35E-02	-1.739256517	-4.35E-02	2.236152377	4.35E-02	-2.733141253
4.36E-02	-0.7373635	-4.36E-02	1.246981462	4.36E-02	-1.744645058	-4.36E-02	2.243080394	4.36E-02	-2.741609035
4.36E-02	-0.739653317	-4.36E-02	1.250853852	4.36E-02	-1.750062899	-4.36E-02	2.250046081	4.36E-02	-2.750122859
4.36E-02	-0.7419574	-4.36E-02	1.254750368	4.36E-02	-1.755514494	-4.36E-02	2.257055166	4.36E-02	-2.758689725
4.37E-02	-0.744275883	-4.37E-02	1.258671236	4.37E-02	-1.761000159	-4.37E-02	2.264108055	4.37E-02	-2.767310132
4.37E-02	-0.746610706	-4.37E-02	1.262619739	4.37E-02	-1.766524488	-4.37E-02	2.271210654	4.37E-02	-2.775991296
4.37E-02	-0.748958408	-4.37E-02	1.26659002	4.37E-02	-1.772079286	-4.37E-02	2.278352428	4.37E-02	-2.784720341
4.38E-02	-0.75132092	-4.38E-02	1.270585348	4.38E-02	-1.777669129	-4.38E-02	2.285539257	4.38E-02	-2.793504456
4.38E-02	-0.753698385	-4.38E-02	1.274605962	4.38E-02	-1.783294348	-4.38E-02	2.29277157	4.38E-02	-2.802344164
4.39E-02	-0.756092795	-4.39E-02	1.278655234	4.39E-02	-1.788959663	-4.39E-02	2.300055433	4.39E-02	-2.811246879
4.39E-02	-0.758500604	-4.39E-02	1.282727165	4.39E-02	-1.794656679	-4.39E-02	2.307380055	4.39E-02	-2.820199411
4.39E-02	-0.760923797	-4.39E-02	1.286825112	4.39E-02	-1.800390095	-4.39E-02	2.314751476	4.39E-02	-2.829209144
4.40E-02	-0.763362523	-4.40E-02	1.290949327	4.40E-02	-1.806160262	-4.40E-02	2.322170148	4.40E-02	-2.838276628
4.40E-02	-0.76581883	-4.40E-02	1.295103276	4.40E-02	-1.81197203	-4.40E-02	2.329642305	4.40E-02	-2.847409486
4.40E-02	-0.768289085	-4.40E-02	1.29928081	4.40E-02	-1.817816796	-4.40E-02	2.337156887	4.40E-02	-2.856594198
4.41E-02	-0.770775327	-4.41E-02	1.303485382	4.41E-02	-1.823699389	-4.41E-02	2.344720105	4.41E-02	-2.865838354
4.41E-02	-0.773277712	-4.41E-02	1.307717255	4.41E-02	-1.82962018	-4.41E-02	2.352332432	4.41E-02	-2.875142535
4.41E-02	-0.775798349	-4.41E-02	1.311979993	4.41E-02	-1.835584153	-4.41E-02	2.36000028	4.41E-02	-2.884514575
4.42E-02	-0.77833351	-4.42E-02	1.316267293	4.42E-02	-1.841582492	-4.42E-02	2.36771231	4.42E-02	-2.893940618
4.42E-02	-0.780885294	-4.42E-02	1.320582705	4.42E-02	-1.847620162	-4.42E-02	2.375474909	4.42E-02	-2.903428468
4.43E-02	-0.783453865	-4.43E-02	1.324926507	4.43E-02	-1.853697551	-4.43E-02	2.383288574	4.43E-02	-2.912978735
4.43E-02	-0.786041391	-4.43E-02	1.329302364	4.43E-02	-1.859819789	-4.43E-02	2.391159901	4.43E-02	-2.922599478
4.43E-02	-0.788644051	-4.43E-02	1.333703813	4.43E-02	-1.865977834	-4.43E-02	2.399077265	4.43E-02	-2.93227649
4.44E-02	-0.791264003	-4.44E-02	1.338134507	4.44E-02	-1.872176794	-4.44E-02	2.407047233	4.44E-02	-2.942017798
4.44E-02	-0.793901421	-4.44E-02	1.342594738	4.44E-02	-1.878417078	-4.44E-02	2.415070332	4.44E-02	-2.951824045
4.44E-02	-0.796558535	-4.44E-02	1.347088277	4.44E-02	-1.884703965	-4.44E-02	2.423153347	4.44E-02	-2.961703525
4.45E-02	-0.799231426	-4.45E-02	1.351608497	4.45E-02	-1.89102818	-4.45E-02	2.431284355	4.45E-02	-2.971641664
4.45E-02	-0.801922315	-4.45E-02	1.356159154	4.45E-02	-1.897394981	-4.45E-02	2.439470115	4.45E-02	-2.981646724
4.46E-02	-0.804633482	-4.46E-02	1.360744105	4.46E-02	-1.903809761	-4.46E-02	2.447717562	4.46E-02	-2.99172718
4.46E-02	-0.807360932	-4.46E-02	1.365356592	4.46E-02	-1.910263066	-4.46E-02	2.45601454	4.46E-02	-3.001868177
4.46E-02	-0.810106935	-4.46E-02	1.370000455	4.46E-02	-1.91676027	-4.46E-02	2.464367959	4.46E-02	-3.012078158
4.47E-02	-0.812871682	-4.47E-02	1.374676015	4.47E-02	-1.923301821	-4.47E-02	2.472778394	4.47E-02	-3.022357828
4.47E-02	-0.815657519	-4.47E-02	1.379387243	4.47E-02	-1.929893274	-4.47E-02	2.481252989	4.47E-02	-3.032715917
4.47E-02	-0.818460347	-4.47E-02	1.384127204	4.47E-02	-1.936524929	-4.47E-02	2.48977927	4.47E-02	-3.043137179
4.48E-02	-0.821282504	-4.48E-02	1.388899853	4.48E-02	-1.943202317	-4.48E-02	2.498364351	4.48E-02	-3.053630309
4.48E-02	-0.82412419	-4.48E-02	1.39370553	4.48E-02	-1.949925913	-4.48E-02	2.507008841	4.48E-02	-3.064196052
4.49E-02	-0.826987826	-4.49E-02	1.398548325	4.49E-02	-1.956701441	-4.49E-02	2.515720099	4.49E-02	-3.074843404
4.49E-02	-0.8298692	-4.49E-02	1.403421119	4.49E-02	-1.963518941	-4.49E-02	2.524485321	4.49E-02	-3.085556712
4.49E-02	-0.832770723	-4.49E-02	1.408327987	4.49E-02	-1.970384114	-4.49E-02	2.533311835	4.49E-02	-3.096344935
4.50E-02	-0.835692607	-4.50E-02	1.413269288	4.50E-02	-1.977297462	-4.50E-02	2.542200288	4.50E-02	-3.107208862
4.50E-02	-0.838637345	-4.50E-02	1.418249239	4.50E-02	-1.984264884	-4.50E-02	2.551158264	4.50E-02	-3.118157764
4.51E-02	-0.841600615	-4.51E-02	1.423260529	4.51E-02	-1.991276153	-4.51E-02	2.560172613	4.51E-02	-3.129175568
4.51E-02	-0.8445849	-4.51E-02	1.428307359	4.51E-02	-1.998337145	-4.51E-02	2.569250892	4.51E-02	-3.140271511
4.51E-02	-0.847590425	-4.51E-02	1.433390108	4.51E-02	-2.005448392	-4.51E-02	2.578393782	4.51E-02	-3.151446425
4.52E-02	-0.85061976	-4.52E-02	1.438513124	4.52E-02	-2.012615978	-4.52E-02	2.587609106	4.52E-02	-3.162709871
4.52E-02	-0.853668467	-4.52E-02	1.4436689	4.52E-02	-2.019829396	-4.52E-02	2.596883357	4.52E-02	-3.174045342
4.53E-02	-0.856739106	-4.53E-02	1.448861766	4.53E-02	-2.027094707	-4.53E-02	2.606224327	4.53E-02	-3.185462359
4.53E-02	-0.859831915	-4.53E-02	1.454092125	4.53E-02	-2.034412473	-4.53E-02	2.615632739	4.53E-02	-3.196961807
4.54E-02	-0.862949547	-4.54E-02	1.459364463	4.54E-02	-2.041788973	-4.54E-02	2.625116663	4.54E-02	-3.20855355
4.54E-02	-0.86608744	-4.54E-02	1.464671064	4.54E-02	-2.04921341	-4.54E-02	2.634662221	4.54E-02	-3.220220625
4.54E-02	-0.869248236	-4.54E-02	1.470016398	4.54E-02	-2.056692038	-4.54E-02	2.644277451	4.54E-02	-3.231972858
4.55E-02	-0.872432188	-4.55E-02	1.475400891	4.55E-02	-2.064225453	-4.55E-02	2.653963121	4.55E-02	-3.243811185
4.55E-02	-0.875642034	-4.55E-02	1.480829175	4.55E-02	-2.071820136	-4.55E-02	2.663727562	4.55E-02	-3.255745791
4.56E-02	-0.878873084	-4.56E-02	1.486293318	4.56E-02	-2.07946499	-4.56E-02	2.673556507	4.56E-02	-3.267759236
4.56E-02	-0.882128067	-4.56E-02	1.491797935	4.56E-02	-2.08716647	-4.56E-02	2.683458257	4.56E-02	-3.279861668
4.57E-02	-0.88540725	-4.57E-02	1.497343478	4.57E-02	-2.094925208	-4.57E-02	2.693433624	4.57E-02	-3.292054078
4.57E-02	-0.888713463	-4.57E-02	1.50293473	4.57E-02	-2.1027479	-4.57E-02	2.703491214	4.57E-02	-3.304346986
4.58E-02	-0.892041881	-4.58E-02	1.508563536	4.58E-02	-2.110623132	-4.58E-02	2.713616357	4.58E-02	-3.31672246
4.58E-02	-0.895395325	-4.58E-02	1.514234663	4.58E-02	-2.118557576	-4.58E-02	2.723817626	4.58E-02	-3.329190979
4.59E-02	-0.898776694	-4.59E-02	1.519953016	4.59E-02	-2.126558091	-4.59E-02	2.734103845	4.59E-02	-3.341763328
4.59E-02	-0.902181061	-4.59E-02	1.525710262	4.59E-02	-2.134613024	-4.59E-02	2.744460026	4.59E-02	-3.35442119
4.60E-02	-0.905611317	-4.60E-02	1.531511289	4.60E-02	-2.142729209	-4.60E-02	2.75489496	4.60E-02	-3.367175306
4.60E-02	-0.909067757	-4.60E-02	1.537356597	4.60E-02	-2.150907348	-4.60E-02	2.765409547	4.60E-02	-3.38002678
4.61E-02	-0.912553381	-4.61E-02	1.543251257	4.61E-02	-2.159154536	-4.61E-02	2.776012911	4.61E-02	-3.39298676
4.61E-02	-0.916063118	-4.61E-02	1.549186698	4.61E-02	-2.167458779	-4.61E-02	2.78668963	4.61E-02	-3.406036399
4.62E-02	-0.919599957	-4.62E-02	1.555167971	4.62E-02	-2.175827147	-4.62E-02	2.797448793	4.62E-02	-3.419186805
4.62E-02	-0.923164213	-4.62E-02	1.56119561	4.62E-02	-2.184260383	-4.62E-02	2.808291359	4.62E-02	-3.43243915
4.63E-02	-0.926758987	-4.63E-02	1.567274861	4.63E-02	-2.19276583	-4.63E-02	2.819226764	4.63E-02	-3.445804969
4.63E-02	-0.930379063	-4.63E-02	1.573396899	4.63E-02	-2.201331141	-4.63E-02	2.830239136	4.63E-02	-3.459264861
4.64E-02	-0.934027531	-4.64E-02	1.579566952	4.64E-02	-2.209963629	-4.64E-02	2.841337878	4.64E-02	-3.472830318
4.64E-02	-0.937704727	-4.64E-02	1.585785587	4.64E-02	-2.218664088	-4.64E-02	2.85252401	4.64E-02	-3.486502588
4.65E-02	-0.941413862	-4.65E-02	1.592058236	4.65E-02	-2.227440118	-4.65E-02	2.863807302	4.65E-02	-3.500293611
4.65E-02	-0.945149562	-4.65E-02	1.598375811	4.65E-02	-2.236279003	-4.65E-02	2.875171408	4.65E-02	-3.51418341
4.66E-02	-0.948915029	-4.66E-02	1.604743725	4.66E-02	-2.245188317	-4.66E-02	2.886626062	4.66E-02	-3.528183883
4.67E-02	-0.952710619	-4.67E-02	1.611162581	4.67E-02	-2.254168904	-4.67E-02	2.898172353	4.67E-02	-3.542296357
4.67E-02	-0.956539659	-4.67E-02	1.617638006	4.67E-02	-2.263228636	-4.67E-02	2.9098204	4.67E-02	-3.556533203
4.68E-02	-0.960396613	-4.68E-02	1.624160638	4.68E-02	-2.272354416	-4.68E-02	2.921553364	4.68E-02	-3.570873839
4.68E-02	-0.964284798	-4.68E-02	1.630736085	4.68E-02	-2.281554088	-4.68E-02	2.93338133	4.68E-02	-3.585330593
4.69E-02	-0.968204594	-4.69E-02	1.637364989	4.69E-02	-2.290828553	-4.69E-02	2.945305458	4.69E-02	-3.599904879
4.69E-02	-0.972159448	-4.69E-02	1.644053184	4.69E-02	-2.30018597	-4.69E-02	2.957336237	4.69E-02	-3.61460952
4.70E-02	-0.976143658	-4.70E-02	1.650791022	4.70E-02	-2.309612842	-4.70E-02	2.969456314	4.70E-02	-3.629423306
4.71E-02	-0.980160659	-4.71E-02	1.657584314	4.71E-02	-2.319117301	-4.71E-02	2.981676144	4.71E-02	-3.644359015
4.71E-02	-0.984210858	-4.71E-02	1.664433749	4.71E-02	-2.328700308	-4.71E-02	2.993996963	4.71E-02	-3.659418158
4.72E-02	-0.988297833	-4.72E-02	1.671345376	4.72E-02	-2.338370328	-4.72E-02	3.006429653	4.72E-02	-3.674614036
4.73E-02	-0.9924157	-4.73E-02	1.678309248	4.73E-02	-2.348113444	-4.73E-02	3.018956322	4.73E-02	-3.68992478
4.73E-02	-0.996568027	-4.73E-02	1.685331394	4.73E-02	-2.357938091	-4.73E-02	3.031587816	4.73E-02	-3.705363646
4.74E-02	-1.000755247	-4.74E-02	1.692412549	4.74E-02	-2.367845298	-4.74E-02	3.044325456	4.74E-02	-3.72093225
4.75E-02	-1.004981074	-4.75E-02	1.699558994	4.75E-02	-2.37784385	-4.75E-02	3.057180539	4.75E-02	-3.736644398
4.75E-02	-1.00923944	-4.75E-02	1.706760468	4.75E-02	-2.387919394	-4.75E-02	3.070134609	4.75E-02	-3.752477533
4.76E-02	-1.013534048	-4.76E-02	1.714023231	4.76E-02	-2.398080686	-4.76E-02	3.083198926	4.76E-02	-3.768445418
4.77E-02	-1.017868718	-4.77E-02	1.721353744	4.77E-02	-2.408336768	-4.77E-02	3.096385113	4.77E-02	-3.784562259
4.78E-02	-1.022237239	-4.78E-02	1.728741504	4.78E-02	-2.418672943	-4.78E-02	3.109674276	4.78E-02	-3.800804961
4.78E-02	-1.026643419	-4.78E-02	1.736192951	4.78E-02	-2.429098223	-4.78E-02	3.123078	4.78E-02	-3.817187687
4.79E-02	-1.031087748	-4.79E-02	1.743708913	4.79E-02	-2.439613764	-4.79E-02	3.136597773	4.79E-02	-3.833712254
4.80E-02	-1.035574197	-4.80E-02	1.751296106	4.80E-02	-2.450228965	-4.80E-02	3.150245677	4.80E-02	-3.850393429
4.81E-02	-1.040096355	-4.81E-02	1.758943687	4.81E-02	-2.460928655	-4.81E-02	3.164002208	4.81E-02	-3.867207374
4.81E-02	-1.044658181	-4.81E-02	1.766658353	4.81E-02	-2.471722202	-4.81E-02	3.177879411	4.81E-02	-3.88416881
4.82E-02	-1.0492602	-4.82E-02	1.774440988	4.82E-02	-2.482610846	-4.82E-02	3.19187888	4.82E-02	-3.901279686
4.83E-02	-1.053906542	-4.83E-02	1.782298582	4.83E-02	-2.493604363	-4.83E-02	3.206013183	4.83E-02	-3.918555364
4.84E-02	-1.058590587	-4.84E-02	1.790219937	4.84E-02	-2.504687087	-4.84E-02	3.22026218	4.84E-02	-3.935971225
4.85E-02	-1.063316455	-4.85E-02	1.798212017	4.85E-02	-2.515868765	-4.85E-02	3.2346384	4.85E-02	-3.953542586
4.85E-02	-1.068084706	-4.85E-02	1.806275776	4.85E-02	-2.527150726	-4.85E-02	3.249143555	4.85E-02	-3.971271538
4.86E-02	-1.072899645	-4.86E-02	1.814418488	4.86E-02	-2.538543151	-4.86E-02	3.263790731	4.86E-02	-3.989174076
4.87E-02	-1.077754428	-4.87E-02	1.822628584	4.87E-02	-2.550029852	-4.87E-02	3.278559118	4.87E-02	-4.007224763
4.88E-02	-1.082653346	-4.88E-02	1.830913318	4.88E-02	-2.561620978	-4.88E-02	3.293461764	4.88E-02	-4.025439549
4.89E-02	-1.087597003	-4.89E-02	1.839273711	4.89E-02	-2.57331796	-4.89E-02	3.308500509	4.89E-02	-4.043820681
4.90E-02	-1.092589883	-4.90E-02	1.847717346	4.90E-02	-2.585131404	-4.90E-02	3.323688988	4.90E-02	-4.062384827
4.91E-02	-1.097624913	-4.91E-02	1.856232264	4.91E-02	-2.597044579	-4.91E-02	3.339005691	4.91E-02	-4.081105694
4.92E-02	-1.102706565	-4.92E-02	1.864826024	4.92E-02	-2.609068063	-4.92E-02	3.354464216	4.92E-02	-4.099999905
4.93E-02	-1.107835487	-4.93E-02	1.873499726	4.93E-02	-2.621203393	-4.93E-02	3.370066543	4.93E-02	-4.119069877
4.94E-02	-1.113016358	-4.94E-02	1.88226128	4.94E-02	-2.633461635	-4.94E-02	3.385826896	4.94E-02	-4.138332997
4.95E-02	-1.118241863	-4.95E-02	1.891098315	4.95E-02	-2.645825484	-4.95E-02	3.401723027	4.95E-02	-4.157762072
4.96E-02	-1.123516665	-4.96E-02	1.90001872	4.96E-02	-2.658305975	-4.96E-02	3.417769124	4.96E-02	-4.177374443
4.97E-02	-1.128841467	-4.97E-02	1.90902368	4.97E-02	-2.670904766	-4.97E-02	3.433967319	4.97E-02	-4.197172715
4.98E-02	-1.134221149	-4.98E-02	1.91812145	4.98E-02	-2.683633407	-4.98E-02	3.450332463	4.98E-02	-4.217175041
4.99E-02	-1.139648144	-4.99E-02	1.927299234	4.99E-02	-2.696473995	-4.99E-02	3.466841535	4.99E-02	-4.237353285
5.00E-02	-1.145127324	-5.00E-02	1.936565268	5.00E-02	-2.709438053	-5.00E-02	3.483509352	5.00E-02	-4.257725553
5.01E-02	-1.150659443	-5.01E-02	1.94592083	5.01E-02	-2.72252737	-5.01E-02	3.500338213	5.01E-02	-4.278294659
5.03E-02	-1.156249604	-5.03E-02	1.955374549	5.03E-02	-2.735754017	-5.03E-02	3.517343639	5.03E-02	-4.299079572
5.04E-02	-1.161889973	-5.04E-02	1.964913177	5.04E-02	-2.74909946	-5.04E-02	3.534501801	5.04E-02	-4.320051166
5.05E-02	-1.167585641	-5.05E-02	1.974545323	5.05E-02	-2.762575744	-5.05E-02	3.551828183	5.05E-02	-4.341228368
5.06E-02	-1.173337426	-5.06E-02	1.984272369	5.06E-02	-2.776184801	-5.06E-02	3.569325273	5.06E-02	-4.362614217
5.07E-02	-1.179150665	-5.07E-02	1.994103342	5.07E-02	-2.789939263	-5.07E-02	3.587009307	5.07E-02	-4.384228559
5.09E-02	-1.185017243	-5.09E-02	2.00402452	5.09E-02	-2.803819931	-5.09E-02	3.604855604	5.09E-02	-4.406041228
5.10E-02	-1.19094249	-5.10E-02	2.014044914	5.10E-02	-2.817839409	-5.10E-02	3.622880368	5.10E-02	-4.428072029
5.11E-02	-1.196931929	-5.11E-02	2.024173866	5.11E-02	-2.832010772	-5.11E-02	3.64110041	5.11E-02	-4.450341507
5.13E-02	-1.202977228	-5.13E-02	2.034397285	5.13E-02	-2.846314302	-5.13E-02	3.659490379	5.13E-02	-4.47281868
5.14E-02	-1.209083903	-5.14E-02	2.044724498	5.14E-02	-2.860763051	-5.14E-02	3.678067055	5.14E-02	-4.495524055
5.16E-02	-1.215252893	-5.16E-02	2.055157095	5.16E-02	-2.87535924	-5.16E-02	3.696833294	5.16E-02	-4.518461125
5.17E-02	-1.221489989	-5.17E-02	2.06570487	5.17E-02	-2.890116576	-5.17E-02	3.715806717	5.17E-02	-4.541651425
5.18E-02	-1.227786555	-5.18E-02	2.076353214	5.18E-02	-2.905014617	-5.18E-02	3.734961046	5.18E-02	-4.565062838
5.20E-02	-1.234148372	-5.20E-02	2.087111908	5.20E-02	-2.920067048	-5.20E-02	3.754313872	5.20E-02	-4.588716864
5.22E-02	-1.240576461	-5.22E-02	2.097982676	5.22E-02	-2.935276281	-5.22E-02	3.773868297	5.22E-02	-4.612617296
5.23E-02	-1.2470769	-5.23E-02	2.108975798	5.23E-02	-2.950656698	-5.23E-02	3.793642815	5.23E-02	-4.636786735
5.25E-02	-1.253640729	-5.25E-02	2.120076121	5.25E-02	-2.966187101	-5.25E-02	3.813610167	5.25E-02	-4.661191867
5.26E-02	-1.26027402	-5.26E-02	2.131293913	5.26E-02	-2.981881854	-5.26E-02	3.833788822	5.26E-02	-4.685855264
5.28E-02	-1.26697788	-5.28E-02	2.142631048	5.28E-02	-2.997743578	-5.28E-02	3.854182153	5.28E-02	-4.71078105
5.30E-02	-1.273758698	-5.30E-02	2.15409833	5.30E-02	-3.01378739	-5.30E-02	3.874809592	5.30E-02	-4.735992974
5.32E-02	-1.280607176	-5.32E-02	2.165680032	5.32E-02	-3.029991288	-5.32E-02	3.895642852	5.32E-02	-4.761456464
5.33E-02	-1.287529694	-5.33E-02	2.177386948	5.33E-02	-3.04637037	-5.33E-02	3.916701347	5.33E-02	-4.787195247
5.35E-02	-1.294527461	-5.35E-02	2.189221118	5.35E-02	-3.062927495	-5.35E-02	3.93798875	5.35E-02	-4.813213813
5.37E-02	-1.301607198	-5.37E-02	2.201193912	5.37E-02	-3.079678566	-5.37E-02	3.959525508	5.37E-02	-4.839537154
5.39E-02	-1.30875925	-5.39E-02	2.213288999	5.39E-02	-3.096600737	-5.39E-02	3.981282249	5.39E-02	-4.866129371
5.41E-02	-1.315990334	-5.41E-02	2.22551774	5.41E-02	-3.113709904	-5.41E-02	4.003279409	5.41E-02	-4.893015439
5.43E-02	-1.323301768	-5.43E-02	2.237882364	5.43E-02	-3.131009182	-5.43E-02	4.025520995	5.43E-02	-4.920200256
5.45E-02	-1.330700634	-5.45E-02	2.250394848	5.45E-02	-3.148515331	-5.45E-02	4.048028552	5.45E-02	-4.947710159
5.47E-02	-1.338176901	-5.47E-02	2.263038228	5.47E-02	-3.166204617	-5.47E-02	4.070771568	5.47E-02	-4.97550785
5.49E-02	-1.345737651	-5.49E-02	2.275824479	5.49E-02	-3.184093792	-5.49E-02	4.09377158	5.49E-02	-5.003619657
5.51E-02	-1.353384324	-5.51E-02	2.288756037	5.51E-02	-3.202186265	-5.51E-02	4.117032972	5.51E-02	-5.032050935
5.54E-02	-1.361124394	-5.54E-02	2.301845543	5.54E-02	-3.220499722	-5.54E-02	4.140578481	5.54E-02	-5.060829475
5.56E-02	-1.368947433	-5.56E-02	2.315075362	5.56E-02	-3.23900949	-5.56E-02	4.164376386	5.56E-02	-5.089916508
5.58E-02	-1.376860918	-5.58E-02	2.328458136	5.58E-02	-3.257733258	-5.58E-02	4.188449429	5.58E-02	-5.119339828
5.61E-02	-1.384866426	-5.61E-02	2.341996533	5.61E-02	-3.276674757	-5.61E-02	4.212802409	5.61E-02	-5.149105301
5.63E-02	-1.392971858	-5.63E-02	2.355703915	5.63E-02	-3.295852681	-5.63E-02	4.237459359	5.63E-02	-5.179242302
5.66E-02	-1.401166368	-5.66E-02	2.36956194	5.66E-02	-3.31524137	-5.66E-02	4.262387287	5.66E-02	-5.209710507
5.69E-02	-1.409457861	-5.69E-02	2.383583977	5.69E-02	-3.334859526	-5.69E-02	4.287610241	5.69E-02	-5.240539308
5.71E-02	-1.417854582	-5.71E-02	2.397783968	5.71E-02	-3.354726657	-5.71E-02	4.3131533	5.71E-02	-5.271759358
5.74E-02	-1.426345357	-5.74E-02	2.412143018	5.74E-02	-3.374816326	-5.74E-02	4.338982475	5.74E-02	-5.303329113
5.77E-02	-1.434938438	-5.77E-02	2.42667508	5.77E-02	-3.395148057	-5.77E-02	4.365122868	5.77E-02	-5.335279255
5.80E-02	-1.443635685	-5.80E-02	2.441383303	5.80E-02	-3.415726251	-5.80E-02	4.391580138	5.80E-02	-5.3676167
5.83E-02	-1.452445839	-5.83E-02	2.456282464	5.83E-02	-3.436571588	-5.83E-02	4.418380871	5.83E-02	-5.400373945
5.86E-02	-1.461357266	-5.86E-02	2.471352895	5.86E-02	-3.457656546	-5.86E-02	4.445489684	5.86E-02	-5.43350774
5.89E-02	-1.470378721	-5.89E-02	2.486609395	5.89E-02	-3.479001834	-5.89E-02	4.4729332	5.89E-02	-5.467050627
5.93E-02	-1.479512252	-5.93E-02	2.502055432	5.93E-02	-3.500612301	-5.93E-02	4.500717658	5.93E-02	-5.50101023
5.96E-02	-1.488767142	-5.96E-02	2.517706703	5.96E-02	-3.522509911	-5.96E-02	4.528871292	5.96E-02	-5.53542106
5.99E-02	-1.498131275	-5.99E-02	2.53354272	5.99E-02	-3.544665997	-5.99E-02	4.557357247	5.99E-02	-5.57023807
6.03E-02	-1.507613952	-6.03E-02	2.54957921	6.03E-02	-3.567102564	-6.03E-02	4.586203816	6.03E-02	-5.605495841
6.07E-02	-1.517217438	-6.07E-02	2.565820005	6.07E-02	-3.589824972	-6.07E-02	4.61541789	6.07E-02	-5.641202795
6.11E-02	-1.52695161	-6.11E-02	2.582281807	6.11E-02	-3.612856591	-6.11E-02	4.645029513	6.11E-02	-5.677395655
6.14E-02	-1.536803843	-6.14E-02	2.598943266	6.14E-02	-3.636167548	-6.14E-02	4.675000281	6.14E-02	-5.714027478
6.19E-02	-1.546784039	-6.19E-02	2.615821127	6.19E-02	-3.659781274	-6.19E-02	4.705360315	6.19E-02	-5.751135086
6.23E-02	-1.556894707	-6.23E-02	2.632919636	6.23E-02	-3.683703705	-6.23E-02	4.736117252	6.23E-02	-5.788727806
6.27E-02	-1.56714638	-6.27E-02	2.650256601	6.27E-02	-3.70795976	-6.27E-02	4.767303126	6.27E-02	-5.826844797
6.31E-02	-1.577525893	-6.31E-02	2.667809763	6.31E-02	-3.732518295	-6.31E-02	4.798877897	6.31E-02	-5.865437117
6.36E-02	-1.588043815	-6.36E-02	2.685596992	6.36E-02	-3.757404311	-6.36E-02	4.830873708	6.36E-02	-5.904544055
6.41E-02	-1.598702931	-6.41E-02	2.703623	6.41E-02	-3.782624402	-6.41E-02	4.863299037	6.41E-02	-5.944175972
6.46E-02	-1.609514496	-6.46E-02	2.72190682	6.46E-02	-3.808205196	-6.46E-02	4.896188122	6.46E-02	-5.984374714
6.51E-02	-1.620464782	-6.51E-02	2.740425234	6.51E-02	-3.83411421	-6.51E-02	4.929499196	6.51E-02	-6.025089234
6.56E-02	-1.631565087	-6.56E-02	2.759197353	6.56E-02	-3.860378181	-6.56E-02	4.963266637	6.56E-02	-6.066361549
6.61E-02	-1.642818518	-6.61E-02	2.778228427	6.61E-02	-3.887004454	-6.61E-02	4.997499887	6.61E-02	-6.108203201
6.67E-02	-1.654237129	-6.67E-02	2.797538844	6.67E-02	-3.914021554	-6.67E-02	5.032235621	6.67E-02	-6.150659014
6.73E-02	-1.665806594	-6.73E-02	2.817104375	6.73E-02	-3.941395583	-6.73E-02	5.067430258	6.73E-02	-6.193675722
6.79E-02	-1.677539029	-6.79E-02	2.83694551	6.79E-02	-3.969155209	-6.79E-02	5.103120653	6.79E-02	-6.237298372
6.85E-02	-1.689437901	-6.85E-02	2.857068113	6.85E-02	-3.997308635	-6.85E-02	5.139317356	6.85E-02	-6.281539857
6.91E-02	-1.701516157	-6.91E-02	2.877494079	6.91E-02	-4.025886493	-6.91E-02	5.176059748	6.91E-02	-6.326448312
6.98E-02	-1.713758844	-6.98E-02	2.898198118	6.98E-02	-4.054853404	-6.98E-02	5.213302343	6.98E-02	-6.37196814
7.05E-02	-1.726178983	-7.05E-02	2.919202255	7.05E-02	-4.084240179	-7.05E-02	5.251084755	7.05E-02	-6.418147761


