2.77E-01	-3.296998494	-2.77E-01	5.575670617	2.77E-01	-7.80089078	-2.77E-01	10.02956165	2.77E-01	-1.23E+01
2.78E-01	-3.319985553	-2.78E-01	5.614544845	2.78E-01	-7.855279502	-2.78E-01	10.09948892	2.78E-01	-1.23E+01
2.79E-01	-3.343286346	-2.79E-01	5.65394964	2.79E-01	-7.91041054	-2.79E-01	10.17037059	2.79E-01	-1.24E+01
2.79E-01	-3.366925699	-2.79E-01	5.693926984	2.79E-01	-7.966342627	-2.79E-01	10.24228216	2.79E-01	-1.25E+01
2.80E-01	-3.390892413	-2.80E-01	5.73445794	2.80E-01	-8.02304927	-2.80E-01	10.31518957	2.80E-01	-1.26E+01
2.80E-01	-3.415212222	-2.80E-01	5.77558603	2.80E-01	-8.080591359	-2.80E-01	10.38917112	2.80E-01	-1.27E+01
2.81E-01	-3.439873817	-2.81E-01	5.817292123	2.81E-01	-8.13894213	-2.81E-01	10.46419238	2.81E-01	-1.28E+01
2.82E-01	-3.464903893	-2.82E-01	5.85962137	2.82E-01	-8.198164751	-2.82E-01	10.54033457	2.82E-01	-1.29E+01
2.82E-01	-3.490291034	-2.82E-01	5.902554459	2.82E-01	-8.258232206	-2.82E-01	10.61756296	2.82E-01	-1.30E+01
2.83E-01	-3.516062952	-2.83E-01	5.946138261	2.83E-01	-8.319210069	-2.83E-01	10.69596186	2.83E-01	-1.31E+01
2.83E-01	-3.542208134	-2.83E-01	5.990353301	2.83E-01	-8.381071094	-2.83E-01	10.77549623	2.83E-01	-1.32E+01
2.84E-01	-3.568755371	-2.84E-01	6.035248271	2.84E-01	-8.443883405	-2.84E-01	10.85625367	2.84E-01	-1.33E+01
2.85E-01	-3.59569306	-2.85E-01	6.080803549	2.85E-01	-8.507619549	-2.85E-01	10.93819887	2.85E-01	-1.34E+01
2.85E-01	-3.623051135	-2.85E-01	6.127069757	2.85E-01	-8.572350351	-2.85E-01	11.0214229	2.85E-01	-1.35E+01
2.86E-01	-3.650817919	-2.86E-01	6.174027146	2.86E-01	-8.638048183	-2.86E-01	11.10589024	2.86E-01	-1.36E+01
2.87E-01	-3.679024558	-2.87E-01	6.221728389	2.87E-01	-8.704786734	-2.87E-01	11.19169562	2.87E-01	-1.37E+01
2.87E-01	-3.707659311	-2.87E-01	6.270153632	2.87E-01	-8.772538232	-2.87E-01	11.27880334	2.87E-01	-1.38E+01
2.88E-01	-3.736754613	-2.88E-01	6.319357725	2.88E-01	-8.841379414	-2.88E-01	11.36731206	2.88E-01	-1.39E+01
2.88E-01	-3.766298681	-2.88E-01	6.369320741	2.88E-01	-8.911282401	-2.88E-01	11.45718594	2.88E-01	-1.40E+01
2.89E-01	-3.796325314	-2.89E-01	6.420099842	2.89E-01	-8.982327168	-2.89E-01	11.5485278	2.89E-01	-1.41E+01
2.90E-01	-3.826822707	-2.90E-01	6.47167506	2.90E-01	-9.054485778	-2.90E-01	11.64130172	2.90E-01	-1.42E+01
2.90E-01	-3.857826117	-2.90E-01	6.524106021	2.90E-01	-9.127841654	-2.90E-01	11.73561496	2.90E-01	-1.43E+01
2.91E-01	-3.889335984	-2.91E-01	6.577393471	2.91E-01	-9.202395839	-2.91E-01	11.83146886	2.91E-01	-1.45E+01
2.92E-01	-3.921352368	-2.92E-01	6.631537509	2.92E-01	-9.278148471	-2.92E-01	11.9288636	2.92E-01	-1.46E+01
2.93E-01	-3.953912896	-2.93E-01	6.686601767	2.93E-01	-9.355188579	-2.93E-01	12.02791363	2.93E-01	-1.47E+01
2.93E-01	-3.987005802	-2.93E-01	6.742566351	2.93E-01	-9.433488326	-2.93E-01	12.12858318	2.93E-01	-1.48E+01
2.94E-01	-4.020670429	-2.94E-01	6.799497791	2.94E-01	-9.513140798	-2.94E-01	12.23099192	2.94E-01	-1.49E+01
2.95E-01	-4.054895082	-2.95E-01	6.85737631	2.95E-01	-9.594118322	-2.95E-01	12.33510427	2.95E-01	-1.51E+01
2.95E-01	-4.089720935	-2.95E-01	6.91627154	2.95E-01	-9.676518322	-2.95E-01	12.44104549	2.95E-01	-1.52E+01
2.96E-01	-4.125136399	-2.96E-01	6.976163882	2.96E-01	-9.760313376	-2.96E-01	12.54878032	2.96E-01	-1.53E+01
2.97E-01	-4.161184614	-2.97E-01	7.037126292	2.97E-01	-9.845605556	-2.97E-01	12.65844	2.97E-01	-1.55E+01
2.98E-01	-4.197854138	-2.98E-01	7.099139419	2.98E-01	-9.93236779	-2.98E-01	12.76998972	2.98E-01	-1.56E+01
2.98E-01	-4.235190219	-2.98E-01	7.162279785	2.98E-01	-10.02070714	-2.98E-01	12.88356712	2.98E-01	-1.57E+01
2.99E-01	-4.273181612	-2.99E-01	7.226528372	2.99E-01	-10.11059699	-2.99E-01	12.999138	2.99E-01	-1.59E+01
3.00E-01	-4.311875829	-3.00E-01	7.291965529	3.00E-01	-10.20214976	-3.00E-01	13.11684689	3.00E-01	-1.60E+01
3.01E-01	-4.351261878	-3.01E-01	7.358572668	3.01E-01	-10.29533945	-3.01E-01	13.23666035	3.01E-01	-1.62E+01
3.02E-01	-4.391389708	-3.02E-01	7.426434258	3.02E-01	-10.39028424	-3.02E-01	13.35873033	3.02E-01	-1.63E+01
3.02E-01	-4.432248643	-3.02E-01	7.495532246	3.02E-01	-10.48695886	-3.02E-01	13.48302436	3.02E-01	-1.65E+01
3.03E-01	-4.473891259	-3.03E-01	7.565955545	3.03E-01	-10.58548772	-3.03E-01	13.60970236	3.03E-01	-1.66E+01
3.04E-01	-4.516307273	-3.04E-01	7.637686765	3.04E-01	-10.68584649	-3.04E-01	13.73873306	3.04E-01	-1.68E+01
3.05E-01	-4.559552097	-3.05E-01	7.710819614	3.05E-01	-10.78816626	-3.05E-01	13.87028503	3.05E-01	-1.70E+01
3.06E-01	-4.603615924	-3.06E-01	7.785337508	3.06E-01	-10.89242385	-3.06E-01	14.00432842	3.06E-01	-1.71E+01
3.06E-01	-4.648557234	-3.06E-01	7.861339346	3.06E-01	-10.99875761	-3.06E-01	14.14104114	3.06E-01	-1.73E+01
3.07E-01	-4.694366797	-3.07E-01	7.938809517	3.07E-01	-11.10714571	-3.07E-01	14.28039512	3.07E-01	-1.75E+01
3.08E-01	-4.741106419	-3.08E-01	8.017852542	3.08E-01	-11.21773438	-3.08E-01	14.42257835	3.08E-01	-1.76E+01
3.09E-01	-4.788767557	-3.09E-01	8.098453976	3.09E-01	-11.33050341	-3.09E-01	14.56756487	3.09E-01	-1.78E+01
3.10E-01	-4.837415628	-3.10E-01	8.180724448	3.10E-01	-11.44560759	-3.10E-01	14.71555366	3.10E-01	-1.80E+01
3.11E-01	-4.887042912	-3.11E-01	8.2646509	3.11E-01	-11.56302863	-3.11E-01	14.86652125	3.11E-01	-1.82E+01
3.12E-01	-4.937718753	-3.12E-01	8.350350606	3.12E-01	-11.68293063	-3.12E-01	15.02067857	3.12E-01	-1.84E+01
3.13E-01	-4.989436404	-3.13E-01	8.437812151	3.13E-01	-11.80529761	-3.13E-01	15.17800511	3.13E-01	-1.86E+01
3.14E-01	-5.042269494	-3.14E-01	8.527160056	3.14E-01	-11.93030378	-3.14E-01	15.33872485	3.14E-01	-1.87E+01
3.15E-01	-5.096212423	-3.15E-01	8.618384849	3.15E-01	-12.0579359	-3.15E-01	15.50282075	3.15E-01	-1.89E+01
3.16E-01	-5.151343503	-3.16E-01	8.711618966	3.16E-01	-12.18837925	-3.16E-01	15.67053104	3.16E-01	-1.92E+01
0.00E+00	0	0.00E+00	0	0.00E+00	0	0.00E+00	0	0.00E+00	0.00E+00
